"Index","SET","StTimes","KLSE"
"1998-01-02",4.2647113740732,-3.68907061570543,1.9419457131777
"1998-01-09",-6.375712232248,-24.2061046926848,-15.1403681172766
"1998-01-16",9.10712459291538,6.14155670371588,9.38482047676175
"1998-01-23",9.90037047055941,1.43323478947215,3.38663639165731
"1998-01-30",15.7957497912633,0.567434341547735,1.93963956195153
"1998-02-06",7.90745458232074,15.547272295708,24.5785661160382
"1998-02-13",-6.9548750319683,-3.66787023410113,-6.04135041535994
"1998-02-20",4.27937677202817,1.42398930000018,6.02349633805925
"1998-02-27",1.25495577030215,3.53009590726154,2.34838607592085
"1998-03-06",-3.92721886842473,-5.27586343020348,-7.66541224789679
"1998-03-13",1.2070849187972,2.56886248743724,2.5456856199483
"1998-03-20",-2.85821091686378,4.41726483979927,3.20716663761997
"1998-03-27",-6.16944785514359,-0.694778889829095,-0.496278934212935
"1998-04-03",-5.89340223143617,-7.66827258346048,-8.77688022301015
"1998-04-10",0.713091685399014,1.97776098882327,0.994320011827465
"1998-04-17",-1.61337555962575,-4.6477658486026,-6.81718977915491
"1998-04-24",-3.28817046114391,-2.35790317931741,1.00167782434717
"1998-05-01",-3.02560956012741,0.922964766572587,-1.44957656077951
"1998-05-08",-6.44139727264941,-4.69625220009435,-7.61881399076403
"1998-05-15",-4.49635835882001,-4.75872716677834,-2.30195882578084
"1998-05-22",-3.75362922384079,0.00243523295049286,1.81460821374273
"1998-05-29",-8.87860638805966,-5.37002042801227,-6.99362432565058
"1998-06-05",-2.30845202265977,-5.78458785235787,-6.36471230693356
"1998-06-12",-13.0017332783479,-6.40171336544233,-6.68948574723558
"1998-06-19",1.75632962903851,18.4830733995929,-1.01279616337679
"1998-06-26",-7.04460129663635,-19.6988672185771,-4.80558473316437
"1998-07-03",3.2524399343143,3.05069009452348,6.1164311092555
"1998-07-10",0.189781078858786,-2.7641499417931,-10.0172333423451
"1998-07-17",7.38474971500347,2.62060765535761,3.81999233396941
"1998-07-24",-6.95542396914748,-2.04415299811771,-6.23327560955103
"1998-07-31",-3.2170400027784,-1.4641635916826,-3.83702145091593
"1998-08-07",-7.46272338906078,-2.48894377446209,-10.0776477400834
"1998-08-14",-1.59625508400634,-7.03675394078349,-10.4338589925421
"1998-08-21",-1.9480866407708,-1.59819880416521,-1.20239470824446
"1998-08-28",-8.77422042272009,-2.54841294660251,-6.74929521485153
"1998-09-04",-5.41713060918827,-9.49894215471323,18.2178489766809
"1998-09-11",2.56674646611703,5.80903003220907,1.39078979907241
"1998-09-18",4.2118755618727,6.74687986260691,6.50505599958917
"1998-09-25",11.5170254618898,1.21744232335947,-1.54505552510367
"1998-10-02",1.0509797231486,-2.62418356553615,-6.45540143244423
"1998-10-09",15.0783136996608,8.17446961995101,2.49169674535326
"1998-10-16",8.74158535825007,13.6598409290317,6.25854841502953
"1998-10-23",0.733472911712596,-0.538244798651988,5.75172608235972
"1998-10-30",2.97788753556114,7.85751338387639,-3.48862721497332
"1998-11-06",12.8189491495903,6.36291073975626,11.183054711787
"1998-11-13",-12.1270922206935,-6.17298976109657,2.567733654256
"1998-11-20",10.8792970507438,11.0484451464085,-0.759737747394063
"1998-11-27",0.311401287853741,3.41745316993931,7.61486503668314
"1998-12-04",-9.98690560690925,-2.73501816393846,5.69330788204834
"1998-12-11",6.49863964210473,3.91178323927006,1.24773090921693
"1998-12-18",-5.23602261832101,-0.376966473315132,3.04923604527874
"1998-12-25",4.08032765163426,-0.944013356285733,0.346413339627016
"1998-12-31",-0.0983187573055488,-0.00143601820870032,5.94140195218973
"1999-01-08",11.5641650315778,10.3874558681214,0.945814170574266
"1999-01-15",-4.50892374633893,-2.98019749993159,1.22117637061283
"1999-01-22",-1.40843683874614,-1.41412971081385,3.21503489475718
"1999-01-29",-3.64620907142017,-3.48242379829102,-4.48185291162817
"1999-02-05",-7.14752889802064,-4.87558543962896,-5.675170583726
"1999-02-12",2.76356605797519,-0.392629683442625,2.12297387952116
"1999-02-19",-3.17570546394128,1.42610398870007,-0.968249237550989
"1999-02-26",1.29003574977959,2.69916106790049,-4.16486081321175
"1999-03-05",-1.39705439907329,2.63856485156433,-4.79956142604099
"1999-03-12",2.80956896490263,2.4583918456063,2.28967262073843
"1999-03-19",6.14085374725697,-0.861861604335612,-2.85432247697823
"1999-03-26",-0.212360548088864,1.6502702416278,-2.7120105614471
"1999-04-02",-2.71007317723511,3.13498291274259,7.67707135536435
"1999-04-09",4.07435820369475,7.4834387262567,5.05986987763256
"1999-04-16",7.90350341655017,6.09530804267164,5.36483785303323
"1999-04-23",-0.365849513971117,5.24768280508709,7.62768011581638
"1999-04-30",13.5676471054335,1.11477455738234,4.24307906057937
"1999-05-07",6.121991517601,0.700544913371903,2.44699910619506
"1999-05-14",-2.79281063384094,-0.854943307739919,10.3128672332476
"1999-05-21",0.928503993070517,3.65053124235981,0.386565712635889
"1999-05-28",-5.51735430722395,-2.57313949113849,-2.7338714258514
"1999-06-04",4.91890096221086,1.28862314725211,-1.23991567212887
"1999-06-11",6.22245777487951,6.95054356270139,4.35886423259992
"1999-06-18",2.29083877226559,0.167238668202074,1.77894763714139
"1999-06-25",4.71357460327582,5.08479201136431,2.46110635049863
"1999-07-02",-1.95331039996285,1.99093620524025,4.77010245204177
"1999-07-09",-4.55535125202582,-1.85378871351753,0.712904173518947
"1999-07-16",-4.22269149175918,-2.19710634804589,-1.00898312306787
"1999-07-23",-2.65094756957502,-6.98912275692427,-4.21265345335371
"1999-07-30",-4.05829168858807,7.52884495429464,-5.0294994797869
"1999-08-06",-4.42428254332885,-3.63267376513283,-8.92028609182232
"1999-08-13",-3.08102714385763,-4.93006316643179,9.46388908332016
"1999-08-20",3.87186939452695,5.80577606477926,-1.23678558265903
"1999-08-27",3.79311659934825,3.1690161423934,0.184534495523803
"1999-09-03",-5.94778389623967,-2.89345743575966,-2.57876299786899
"1999-09-10",-0.0487222032073298,1.88778158569223,-0.828572127089178
"1999-09-17",1.66848888822981,-0.0529893260011072,-3.50932524827918
"1999-09-24",-13.7137354201058,-5.44250710530321,-2.76457694516763
"1999-10-01",6.39313501184526,1.5846946221016,-2.05931791053082
"1999-10-08",-3.55176352332398,3.03594101823554,8.96302238937308
"1999-10-15",-1.95787451793548,-2.55010537771376,-3.09371985561526
"1999-10-22",-2.16122553827889,-2.15129550525868,2.44091615620796
"1999-10-29",4.76077008699285,1.46489421231264,0.522314210853558
"1999-11-05",5.63280013048484,3.0973692997736,-2.93966066649558
"1999-11-12",3.18666806965124,3.45687692266035,0.0235641465671677
"1999-11-19",-4.85413640501129,1.7743399269043,1.61811601658171
"1999-11-26",0.184497418391949,0.487360770243406,1.70636914708515
"1999-12-03",0.510445872636378,-0.358901100587072,-2.89437697372783
"1999-12-10",1.28269899027842,7.25478899121468,2.58420760904459
"1999-12-17",4.55211346884239,-0.963532353166219,4.55574027333476
"1999-12-24",4.87988355417635,3.07554371083656,0.619974317625527
"1999-12-30",4.37512127095658,1.34021473550234,3.66462597859591
"2000-01-07",-6.12019070223777,-3.01069484778322,0.748120931421337
"2000-01-14",4.54113897607966,-0.563085906688787,12.5902449182226
"2000-01-21",0.954596093875004,-4.88428294726653,2.7331421808789
"2000-01-28",-0.307412645243144,0.281808228328817,-1.94657726371839
"2000-02-04",-1.5003604967526,-1.14442402071768,2.33368397116269
"2000-02-11",-3.0699904639528,-1.06769628132968,4.3072452007328
"2000-02-18",-11.0631282984873,-2.60922994789219,1.33727428491008
"2000-02-25",-0.414719432208965,-1.71204063075256,-1.05661510136601
"2000-03-03",-5.96030983059155,-1.09785644059981,-5.5690399745087
"2000-03-10",4.90722616092496,-0.986889932848634,-0.0232018562525305
"2000-03-17",-0.66322830191341,-0.084472564565452,-1.41382269726424
"2000-03-24",1.09965033957309,2.43982984360169,3.72631757955393
"2000-03-31",-0.954661188357964,-0.636163303182435,0.42269880128476
"2000-04-07",0.778833701596859,0.836781983315316,-2.54972939023652
"2000-04-14",2.68997757430203,1.80869254697766,-1.98192616399302
"2000-04-21",-4.79146879376806,-5.12942558007508,-3.52240284680194
"2000-04-28",-1.1865797560918,3.95114985040745,-0.0701039904527079
"2000-05-05",-2.70795523034337,-2.13669870782649,2.97203583241448
"2000-05-12",-9.46077395190379,-4.42580208151142,-1.39166931510193
"2000-05-19",-0.658861425308999,-1.70342032803799,4.07509907504515
"2000-05-26",-9.24371995267377,-9.01673852741229,-7.20127520762928
"2000-06-02",8.03669762296977,4.81300491787087,0.752332050264037
"2000-06-09",0.608261869795435,6.69157576548711,-3.41820959333781
"2000-06-16",0.915671859191836,-1.49997509952042,-2.95870158056868
"2000-06-23",-3.29920745922951,1.09280441836903,-2.90476854402311
"2000-06-30",-2.3126979154088,0.179751931865102,2.56695466710015
"2000-07-07",-0.869624328287166,2.64674337163306,-1.5600374429809
"2000-07-14",-2.283754981943,-0.610664039508357,4.26733638857177
"2000-07-21",-3.19388425078326,2.22564748475431,-2.98246508995348
"2000-07-28",-4.70903729651875,-4.21021822729628,-3.92524795528075
"2000-08-04",6.57594832787751,0.670131425767018,1.97022630031585
"2000-08-11",1.64966640336335,2.32428073312114,-1.54066057439284
"2000-08-18",0.824137280750037,3.94403646404724,2.1034977733609
"2000-08-25",-3.95540811633168,-0.883775953669463,-2.51179156251906
"2000-09-01",1.25979288101616,-0.258378369715384,-4.11734229448371
"2000-09-08",-4.49565666334477,-1.19421776593773,-3.61194801727898
"2000-09-15",-1.27718252844042,-3.88518905184139,1.71537688680568
"2000-09-22",-6.75570511801702,-6.05701481846266,-1.74782291177635
"2000-09-29",1.14249651415612,3.25930499475717,-3.58724839884577
"2000-10-06",-3.52716527062817,-1.7202444407614,-0.556548595508843
"2000-10-13",-5.14348717165376,-5.36671140792224,5.54955721609716
"2000-10-20",8.42150537086814,3.34433014933539,3.78716703763606
"2000-10-27",-0.82042061803973,1.92401249012653,1.5400891635946
"2000-11-03",4.80365571519625,4.99589284023934,-3.96860082194337
"2000-11-10",1.85525138120335,-3.72106076776966,-1.03918330095709
"2000-11-17",0.50345379667176,-1.65801541151698,-2.33283185286561
"2000-11-24",-3.20300423087296,1.56533326432804,-2.96283199552914
"2000-12-01",-4.13447527681567,-1.49062505779023,1.67583056494616
"2000-12-08",-0.0620947878595679,0.263590912639433,1.06910378346017
"2000-12-15",-0.190176702163036,-0.6130499148159,-4.6105255221236
"2000-12-22",-2.25086317501724,-2.35375858582607,-0.57988607762347
"2000-12-29",0.783176972438682,1.25181479521732,-2.43466020099072
"2001-01-05",6.32281790065949,2.46010894496687,-1.40169131978816
"2001-01-12",8.19508187942457,-2.82458233142613,1.2927508287925
"2001-01-19",1.78635881679794,-0.67577889136734,2.27183208867974
"2001-01-26",4.70664225925885,-0.0524551651514216,2.91742930627672
"2001-02-02",0.591389082322546,3.64291058802495,2.93255133243848
"2001-02-09",-2.84770768320683,-0.163545582368663,-1.57824170384657
"2001-02-16",-2.72210589437298,-0.091763358387098,-1.41026464222209
"2001-02-23",2.57417687331412,-1.26072892432845,-0.266214726164993
"2001-03-02",-5.77354950229747,-2.0560647485782,-1.36882977481685
"2001-03-09",0.309926029011809,-0.468788632195771,-1.11705837850558
"2001-03-16",-4.66751385701292,-6.88040005022028,-3.40126549611801
"2001-03-23",-0.942998843906651,-3.25714616985282,-0.408565521214221
"2001-03-30",0.580568112443114,-2.42643560766842,-3.30996610869079
"2001-04-06",-3.4570311293348,-0.239806117247188,-11.4483364171281
"2001-04-13",3.23070134580936,-4.75760623702488,0.678284631178983
"2001-04-20",0.445312968276212,3.91644409998797,-0.98528073565074
"2001-04-27",1.57008261031084,1.81059442006326,1.75633421130401
"2001-05-04",3.07135407393453,1.6694053923322,-1.52729866274157
"2001-05-11",1.44153060665966,-0.672288156961809,-1.04007000230784
"2001-05-18",-3.36542707938348,-2.41901997067639,-2.36747776376731
"2001-05-25",3.42330117269718,1.49895804111617,1.08082166486767
"2001-06-01",0.304892962090886,-2.27543352503661,1.32867732023447
"2001-06-08",0.073676627021424,3.43649404374435,0.775961416331761
"2001-06-15",3.67186756295279,-0.079682212819332,2.35349408519472
"2001-06-22",-1.6494834333149,0.62986261323621,-0.25991469729032
"2001-06-29",1.21020783986214,0.558754771682146,0.863767988111164
"2001-07-06",0.719772039979194,-3.88209089269411,5.54659289578021
"2001-07-13",-3.30761233450598,-0.230280115024684,-0.926407446155864
"2001-07-20",-0.651156183749624,-1.14477034836407,4.3714286240129
"2001-07-27",-3.64589748169371,0.141529024868525,-0.378346692183307
"2001-08-03",4.81747498409142,0.544721934440862,1.97926159697284
"2001-08-10",-0.0253236682685731,-0.481952075318404,-1.71195405749582
"2001-08-17",2.30952811151885,-0.319744477049078,1.18115836863373
"2001-08-24",2.72208684053519,-0.710258137940922,4.0509636360043
"2001-08-31",1.01836924065255,-0.338499520127833,0.626265705342632
"2001-09-07",1.99153936447169,-2.63901900680006,1.37159708013561
"2001-09-14",-17.2438330018078,-11.8806102328218,-7.77617635522656
"2001-09-21",-4.79921487566122,-12.0535337942528,-5.84945243139341
"2001-09-28",0.88464067602958,6.11244511505245,1.21481158787837
"2001-10-05",1.37656317660104,4.87493840272624,-1.03566928622874
"2001-10-12",1.44563797100243,2.19804758200333,0.380228594973886
"2001-10-19",-0.0877670368264027,-1.95870091267389,0.60342339433106
"2001-10-26",-1.45760735335765,1.60573731735871,-0.425279475613394
"2001-11-02",-2.29994637398514,-5.06352665644618,-2.60713160311479
"2001-11-09",-2.25333598670989,1.5678823143487,0.468189133799779
"2001-11-16",2.73354645550432,4.26644811044428,5.81005005899371
"2001-11-23",7.42246194009137,2.5018924224991,0.66204628247073
"2001-11-30",1.95204650060576,1.38523160013113,-0.236390075247161
"2001-12-07",0.471426854269374,9.67884329825619,3.61705865980761
"2001-12-14",-3.36123942274371,-4.41518097937079,0.392263862567432
"2001-12-21",0.910805531190562,1.18769574940512,0.139936975971899
"2001-12-28",2.38463359307772,3.05420158525607,3.92033632372835
"2002-01-04",3.8353259392105,3.18911022879877,0.264239095059615
"2002-01-11",2.13707450047815,1.50176941606199,1.37058092090605
"2002-01-18",-1.57173545034412,-2.5148243436024,-0.643566224471037
"2002-01-25",6.54297999454769,4.07297983040138,-0.711153696437794
"2002-02-01",-0.692679342899627,2.88097368337734,3.57443886865259
"2002-02-08",4.909423482931,-2.55852766169813,-1.10510727818918
"2002-02-15",5.34939876887011,1.81761450274802,1.54375317863353
"2002-02-22",-5.99345484603848,-4.51784684779977,-1.58736815755258
"2002-03-01",8.01828287033048,1.8384422494309,0.974674774802331
"2002-03-08",2.59317006905322,4.40177748051038,4.10376993365764
"2002-03-15",-3.45328829446778,-1.1691265854056,0.534928273375179
"2002-03-22",3.1096805919173,1.23636393856481,0.131625325630758
"2002-03-29",-4.02538427795722,0.167618579409723,0.459990338696503
"2002-04-05",-1.06461203916703,-1.29774454055642,0.70114684413447
"2002-04-12",2.57211159254993,-1.59812219608746,1.92379911237541
"2002-04-19",1.79606467424813,-1.20200036165485,2.81239956563875
"2002-04-26",-2.63990689233999,-0.144544622956833,0.377566522600237
"2002-05-03",-0.636919367217281,0.731556617255524,-0.840841279151761
"2002-05-10",2.12667046325876,-0.291059061488497,-0.773121587106562
"2002-05-17",-1.01537067630897,-0.134887441335252,-0.0875417941075263
"2002-05-24",3.59889290871127,-0.653952653460088,-2.83083309955217
"2002-05-31",3.96777251072926,-2.97415967284422,-3.19736447012007
"2002-06-07",2.27081453572717,-1.16657812037992,1.79701155577145
"2002-06-14",1.21701491386847,-2.74109093994168,-0.891129244516797
"2002-06-21",-6.59977805855902,-3.90154809758876,-0.691756676451938
"2002-06-28",-1.62132643021753,0.434302105899942,-2.43886297401952
"2002-07-05",3.03743927854994,5.54530679760505,2.60956538178192
"2002-07-12",-0.109758542250127,-1.68574033847158,-0.642655818843973
"2002-07-19",-1.60772335643218,-3.39701311543568,-1.82365095669708
"2002-07-26",-7.31192912016265,-4.28890621119207,-1.21453656442601
"2002-08-02",1.08288141070192,1.01246633825758,0.253263334283105
"2002-08-09",-0.919291113292431,-1.5403915218668,0.50599327481633
"2002-08-16",1.61062798023517,2.37865146174503,1.83868501826581
"2002-08-23",-1.62697497242501,0.608939514653883,-0.901416859249249
"2002-08-30",-1.60680222004759,-2.873989356282,-2.5852204642641
"2002-09-06",-2.12961553890283,-3.13357243392876,-2.45769956800217
"2002-09-13",1.01309435507311,-0.736110859595218,-0.839137434562964
"2002-09-20",-1.58892529646808,-0.769010775331047,-2.29999925016484
"2002-09-27",-3.70928012497451,-3.37358284139793,-3.8307714269151
"2002-10-04",0.647403826754189,-0.461069006742409,-0.506408608657072
"2002-10-11",-3.13135381214646,0.446510740897299,-0.984507160092996
"2002-10-18",3.58205550281925,5.95513663585434,2.06852024568613
"2002-10-25",1.73685834339343,0.965841555326019,0.699426630179278
"2002-11-01",2.61152859309659,-0.596833657185858,0.59152424901967
"2002-11-08",-0.752094245030932,-2.59317886567896,-0.439127011441354
"2002-11-15",0.348687153803073,-0.778668798695215,-1.34913434081216
"2002-11-22",1.76680583279998,0.617238066538128,-1.36132638444098
"2002-11-29",0.635062410095522,-2.27920378546917,-1.56112730994176
"2002-12-06",0.0520555087851982,-1.88539064178661,-1.7393973267696
"2002-12-13",-2.46515276746928,0.141967517679031,2.21188159748449
"2002-12-22",-1.75306453516857,-2.22048140668445,0.917950440134874
"2002-12-27",1.83164117949897,0.308320793101036,1.91868787787843
"2003-01-03",0.210169473895583,-0.123065005034029,-2.63121832004565
"2003-01-10",0.875144938814376,-0.361866848214376,-1.0983540041682
"2003-01-17",1.86664389249263,2.34954847860491,6.77919847306017
"2003-01-24",2.45889772485013,-0.645170631254732,-0.256843063829404
"2003-01-31",-1.68566652993185,-5.01529815766144,-0.505153781721823
"2003-02-07",2.38742379579646,-0.481176860283483,-0.631649282209246
"2003-02-14",-2.73938430640719,-0.932442304089776,-0.652407108467745
"2003-02-21",-2.52128042795103,3.21061684943453,-0.375160569340771
"2003-02-28",0.496636936718708,-3.18156682430217,-1.18191786914723
"2003-03-07",-0.78911218037554,-3.81646316819388,-1.73732985026183
"2003-03-14",-0.0669717627443056,1.99681244897016,-1.12482498394932
"2003-03-21",1.49062134406819,5.8432703915333,0.574276595718093
"2003-03-28",1.61225615997118,-0.583837276923482,0.440365946459931
"2003-04-04",0.647373663271722,-0.357121527198245,-0.592339253741514
"2003-04-11",3.02688309634744,-0.972184729419912,-0.241097745465879
"2003-04-18",0.296929345866914,-1.43294768990261,0.935753291376251
"2003-04-25",-4.24216695038266,-4.25043574561075,-1.24750299909548
"2003-05-02",1.80437018158779,5.54493465482224,-0.0749009987288218
"2003-05-09",2.39097176338685,0.79576626793294,0.458088919403377
"2003-05-16",-0.344054971097307,-0.358767419560291,0.966526791345856
"2003-05-23",3.21663656486253,1.00875791078208,2.27180085865824
"2003-05-30",2.07678792929569,2.31419252386127,3.11291526378508
"2003-06-06",3.50144645902439,6.47585673481634,1.49445144039593
"2003-06-13",2.30694009547197,2.74468583422713,1.22056768266781
"2003-06-20",5.60881921343883,2.65885476060719,-1.09300261819198
"2003-06-27",1.06574505986128,-2.7650423980357,1.31162308039583
"2003-07-04",8.02125087964809,0.574231411530501,4.75325255729961
"2003-07-11",-2.31208838266168,3.86709044593916,-0.167010618456764
"2003-07-18",1.7699939283931,2.31119123480505,-1.02471009521938
"2003-07-25",-1.67301171805763,-0.89139664349478,-0.839498991507881
"2003-08-01",1.3683130322188,-0.630601863702829,1.74395446420323
"2003-08-08",2.3444385590631,-1.45816105317857,-0.113475974646615
"2003-08-15",3.09932461007634,3.82166511822044,0.868539704962235
"2003-08-22",2.99305921448862,2.83647757411689,2.01656446823479
"2003-08-29",0.540783774189357,-2.52773194360172,-0.00672653281119651
"2003-09-05",3.66990212315246,1.15571568830459,1.75763636063762
"2003-09-12",1.87542124921656,-2.09681928191925,-2.07564449798374
"2003-09-19",-0.204300956951631,0.35222286290546,0.434985299804058
"2003-09-26",2.37973741362536,2.34237103305102,-0.262380817781249
"2003-10-03",-3.95588838459213,2.59335786422366,-0.272527522595833
"2003-10-10",4.17600506647453,4.4347115648673,6.5947619758699
"2003-10-17",1.10186893163471,1.48600604969795,-1.22288714337371
"2003-10-24",3.44818567059439,-2.23794980541268,2.94947838042123
"2003-10-31",4.83797393740133,-0.535198447033558,1.5652010818104
"2003-11-07",4.81607050923527,2.59863454497875,-1.2734946417563
"2003-11-14",-2.05068990823527,-1.84670132863793,-1.8199262786033
"2003-11-21",-6.91960796777016,-4.6838674658999,-0.984342317163556
"2003-11-28",5.17797841211705,3.36702180362245,-0.663791406140213
"2003-12-05",2.03175560694246,1.10241905578805,0.983241867117801
"2003-12-12",2.27340455134657,-0.304560255990793,0.628279623504024
"2003-12-19",5.0169525824928,-0.984146560141674,-2.84198445643087
"2003-12-26",3.56537584081194,1.12874050776233,1.32537735759426
"2004-01-02",4.94580035202743,3.47151778887085,1.0800163633939
"2004-01-09",1.45156477435293,3.35827468504863,4.57726236864673
"2004-01-16",-0.640256239957537,-0.848923621591258,-0.992283008038797
"2004-01-23",-3.13161648299936,2.82809615625847,0.900166255670243
"2004-01-30",-7.64680816998871,-2.20452382934049,-0.696035908111448
"2004-02-06",1.73757075331533,0.326782672639059,-0.430750317271134
"2004-02-13",6.00727534135244,0.519568303772733,1.27824908233123
"2004-02-20",-3.57763485543865,1.47559155926364,3.88872258040793
"2004-02-27",-1.70807092549694,-0.166648629593524,2.36848634090334
"2004-03-05",-2.21762364387601,0.153961360194099,0.782833854127585
"2004-03-12",-0.789589032759164,-3.0303234818521,-0.180719538652596
"2004-03-19",-2.00682435093666,0.219911906165304,2.22479830330213
"2004-03-26",-2.37957934868884,-0.655171277343758,-1.03692366481782
"2004-04-02",4.10402345147727,2.87756263268601,-0.872956409273318
"2004-04-09",-0.249908039722158,1.13527923486334,-0.48011027419852
"2004-04-16",2.96547068683282,-2.55238288643183,-2.43922919300017
"2004-04-23",-4.35050815609532,0.733552836192342,1.57603229911611
"2004-04-30",-5.07315382366729,-1.38073774023422,-4.35264859792106
"2004-05-07",-1.76665165158783,0.091704544173421,-0.339392526930116
"2004-05-14",-4.34557991365327,-4.93392051518802,-5.08290633193837
"2004-05-21",0.928887695603731,0.696728435162797,-0.307789583887264
"2004-05-28",3.69739085537768,1.12256095939136,2.11386834414302
"2004-06-04",-1.91617327896765,0.25259312428787,-0.697593534352237
"2004-06-11",-2.15239028834677,1.73953994134148,2.64282746188336
"2004-06-18",1.55039356166284,-1.74400507423575,-0.290357075671288
"2004-06-25",3.3617805257415,0.773947752302728,0.279438389542275
"2004-07-02",0.552816973418668,1.85416588567273,0.779502530018839
"2004-07-09",2.89482684224254,1.22659155583973,2.77568064570826
"2004-07-16",-3.12053963363548,0.505692787842005,-1.34497610098316
"2004-07-23",0.364597416044532,-1.1398048555467,-0.529495243105771
"2004-07-30",-1.83171550620767,2.2155012170094,-0.50473142351164
"2004-08-06",-4.12998323459561,1.62752710290546,-1.67831372134897
"2004-08-13",-3.67933084591572,-2.62790998850999,-0.547772381829681
"2004-08-20",1.63046174795118,1.17045454682065,-0.880498764673376
"2004-08-27",3.54029440007828,1.10055875816775,1.59761919713635
"2004-09-03",1.43454269243639,1.07205532974852,2.45414777949202
"2004-09-10",1.81468025525326,1.59573085683675,0.991622542387471
"2004-09-17",4.29751540458927,1.80602502516942,1.09594944718951
"2004-09-24",-2.13560291538704,-1.51372508804011,-0.506129431795355
"2004-10-01",1.0077374901325,0.388408924044636,-0.162644470547502
"2004-10-08",2.23132079509636,1.16224360200023,0.833819211028608
"2004-10-15",-4.17837820393698,-2.1055319985086,-1.14345692455071
"2004-10-22",1.61682412784758,0.230557333000636,0.303782261215968
"2004-10-29",-4.80044930703789,0.690014288586216,0.846642414263687
"2004-11-05",1.09718100449889,1.75559875508968,1.19358229225979
"2004-11-12",0.729512267874544,1.11933644142903,1.23278843923211
"2004-11-19",1.80927516599851,-0.012264912308968,1.65685061651297
"2004-11-26",-0.410716099171715,-0.480987687867618,1.30137343668908
"2004-12-03",2.29937221044594,1.6210584294404,0.918980152387139
"2004-12-10",-2.29474803990568,-2.2193651816524,-2.53298294277498
"2004-12-17",3.13777410816947,2.04458919021642,0.975954063838902
"2004-12-24",0.132854678037475,-0.117660228376781,0.464037955650198
"2004-12-31",-0.336210111613866,0.513381528847212,0.0253495204236565
"2005-01-07",4.35519871935313,0.936486182826624,0.970556664264954
"2005-01-14",0.545910609062439,-0.454141025766575,1.45829823475072
"2005-01-21",-0.68787766500682,0.445030435178229,-0.00215116216537581
"2005-01-28",0.68787766500682,0.197370060957347,-1.35252068549034
"2005-02-04",2.45514738928616,1.1453603484453,-1.06426542276701
"2005-02-11",0.982502887178693,1.68985861063788,0.811009531840323
"2005-02-18",1.54406292337397,0.891990556874322,-0.785668948761131
"2005-02-25",0.343815057742614,-1.56975671833148,-0.468183225479102
"2005-03-04",-1.58264338739311,0.907776834055785,-2.03267211787681
"2005-03-11",-2.42335049050864,0.687335613769147,1.8044121127323
"2005-03-18",0.0590559501970844,0.233891310382361,-0.829880281469553
"2005-03-25",-3.44348824358107,-1.06521208604518,-1.1927676011088
"2005-04-01",1.23054005477208,-0.358540149408171,-0.850333659725599
"2005-04-08",-1.74983987685025,1.76577573921737,-1.36788458808805
"2005-04-15",2.10131895988166,-1.4639576162133,1.17704592591963
"2005-04-22",-3.05796874913744,-0.62139528266556,0.402961681777292
"2005-04-29",-2.74990571257803,-0.547141782016691,0.134339763136726
"2005-05-06",4.52222070920874,1.67834345477065,2.50100105512567
"2005-05-13",-1.49805135483678,0.482357976390002,-1.10010146713773
"2005-05-20",-1.25357260350443,0.0966530507144014,-0.92306787178833
"2005-05-27",-1.07486812102575,-0.881148460603054,-1.60480080216097
"2005-06-03",1.97293331003374,1.74684765884612,-0.372336870135737
"2005-06-10",0.483534273473296,1.25808915051682,2.74976035521535
"2005-06-17",0.957197209552518,-0.509304466010185,0.787881507008326
"2005-06-24",0.54184927418266,0.657364302020191,0.113640173999752
"2005-07-01",-2.16006934100106,-0.621157834244457,-0.453100490595659
"2005-07-08",-4.88264342572355,0.272936540014079,1.06697050884152
"2005-07-15",1.87105560782923,1.53598405602819,1.45351236498179
"2005-07-22",-1.00278366791127,3.02235656469438,2.46170586120726
"2005-07-29",4.03953486286355,1.42214344876006,-0.245061601109953
"2005-08-05",1.51874137082801,-0.583619018424386,0.640155312444346
"2005-08-12",-0.593586350622921,-1.53684464342296,-0.677499998996289
"2005-08-19",-0.164369927965335,-0.733842702697274,-1.2348619800874
"2005-08-26",2.18789597735958,0.00830980710793128,-0.776610263605004
"2005-09-02",2.00311137547029,0.625187324854082,-1.0068153948569
"2005-09-09",0.395010178003474,0.016948526496563,0.956714647743429
"2005-09-16",-0.636155948246131,0.221370590829562,0.442413665723063
"2005-09-23",2.37878917535363,-0.580074766213468,-0.0108466928540274
"2005-09-30",-0.287185915415478,0.526296401167414,0.611000965404696
"2005-10-07",-1.98999731289415,0.00433803721238135,-0.251518146358176
"2005-10-14",-1.27184113257224,-0.0867965197010712,0.041063324545032
"2005-10-21",-1.99252027348722,-2.81267165492594,-1.74484175104679
"2005-10-28",-0.578754374050039,-2.11887153662511,-0.417546341119834
"2005-11-04",3.45448038871536,3.32442201472025,0.893554917460992
"2005-11-11",-2.25974045442419,-0.0216213831908618,-1.71832928925291
"2005-11-18",-2.05441578648298,1.19188203459162,0.374430320735097
"2005-11-25",-0.968588126486036,0.110265367148443,0.283499636168738
"2005-12-02",-1.50100577159282,1.58983524699163,-2.13932223603441
"2005-12-09",5.57430784472652,-0.490801695210941,1.47582636478854
"2005-12-16",-0.946072676286658,0.19067588089392,-0.550325946456187
"2005-12-23",1.11933951469974,0.118612250735239,-0.138896689930412
"2005-12-30",2.09255306447247,0.814867960528876,0.854954089322479
"2006-01-06",4.60154959689465,3.07905063868574,1.31166797238977
"2006-01-13",1.11507016743086,-0.616585055398566,0.025225245120275
"2006-01-20",-1.0669109199247,-0.707023302818133,-0.71424551566972
"2006-01-27",1.79862632511147,0.965225084311161,0.945363253041265
"2006-02-03",-1.88024314538211,0.810938008606055,1.50285694770123
"2006-02-10",-1.21469887522485,-0.334891391005421,-0.815951198262166
"2006-02-17",0.173275076858115,0.319263370755873,0.667109546900058
"2006-02-24",0.330824323599366,0.914231722427949,-0.168522979528785
"2006-03-03",1.55033569526939,1.60744097016048,-0.86653020165679
"2006-03-10",-3.40347516261685,0.132260307527243,0.547070520267301
"2006-03-17",1.80324835030232,-0.0929647402030831,0.0715610088112939
"2006-03-24",-1.43725135497368,0.116192427710882,0.375397339228645
"2006-03-31",0.327846752225813,1.43481214968313,0.0582926740458234
"2006-04-07",4.93322866082373,0.733468369970769,1.82645666706414
"2006-04-14",-1.95318709172465,-0.300995237479196,-0.572787334579328
"2006-04-21",2.30695416902691,2.29504831276302,1.04638619009068
"2006-04-28",-0.618939919899297,0.278472647237304,0.109622551058575
"2006-05-05",-0.00911155801759378,0.828136020819059,1.2718622623102
"2006-05-12",1.8417771954657,-0.450790788131616,0.484584045954861
"2006-05-19",-4.73260607732255,-4.95158393396888,-2.26657874960345
"2006-05-26",-3.9394914007306,-1.98265251270193,-1.45590924585317
"2006-06-02",0.709670989903533,-1.0525460830678,-0.0032232590374548
"2006-06-09",-7.49801920084074,-3.44715286197355,-1.65973519429103
"2006-06-16",-0.751613060721112,1.5482071367539,-2.42147936200583
"2006-06-23",-0.886103721509901,-1.3093421228608,1.42681769832835
"2006-06-30",2.78267122714375,3.86619444396752,0.917069847360175
"2006-07-07",1.16989547519175,0.399138326685389,1.18137496775397
"2006-07-14",-3.63919360032332,-3.39335651534993,-1.29732842434427
"2006-07-21",3.58087690989217,0.330312111295594,1.20653134955466
"2006-07-28",0.830711894779412,2.41929309122781,1.0756030213364
"2006-08-04",1.69931887739914,1.36868597770539,0.349226876921005
"2006-08-11",0.728203260414961,-0.500250353809495,0.455256974272888
"2006-08-18",0.00988065580136421,1.33358008602817,-0.028658313495189
"2006-08-25",-2.77060122438355,-1.22835641486239,0.900392868782518
"2006-09-01",1.0551712037147,1.54835540149909,1.06425730206148
"2006-09-08",-0.573116983802979,0.745760339578005,-0.416191360068119
"2006-09-15",1.17009094810276,0.467802246179794,0.23907846162734
"2006-09-22",-2.73470366709185,-0.05592564018988,0.648576760856745
"2006-09-29",0.641904222636747,1.90049261894352,0.240068824619399
"2006-10-06",1.23127506131286,3.08332334307453,0.353876760169225
"2006-10-13",2.48119933554634,0.653879883849751,1.28524373179184
"2006-10-20",1.7995934601835,0.737892164108267,-0.443260878715357
"2006-10-27",0.108909195669327,1.6081108522398,1.08782286381475
"2006-11-03",0.895710584305931,-0.281349857014135,0.81693882650633
"2006-11-10",1.10273266932044,0.841321659725747,2.40369535721436
"2006-11-17",-0.881756191136684,2.44215148949563,1.79250493953189
"2006-11-24",-1.37882125966646,0.0579247669444172,1.86944460672587
"2006-12-01",2.39014961092083,0.751394918854675,1.8388401558024
"2006-12-08",-0.0593664003619487,1.02085016495934,1.69646515894391
"2006-12-15",-0.629558749596004,2.28253845824193,-0.847389103821428
"2006-12-22",-7.90754862215213,0.377957710117283,-0.885190008928038
"2006-12-29",-0.0691100273803258,1.46555888693642,1.51843943924312
"2007-01-05",-7.90148078859501,1.43679724910282,2.17996217480083
"2007-01-12",2.75078181002444,-0.660803016655009,-0.0955472384084999
"2007-01-19",1.91127700382836,2.09775251276056,2.50819247882657
"2007-01-26",-0.0790381704291576,0.482419912917642,1.90975104877662
"2007-02-02",1.94999591173399,4.12211712526975,3.32807878768859
"2007-02-09",3.61274252989032,0.099711590181073,2.56222313322541
"2007-02-16",-1.04968866195971,0.496763086781193,1.69563304437226
"2007-02-23",0.398906800503518,2.2455761319188,1.67982705194198
"2007-03-02",-1.71418585105636,-7.25606886922101,-9.71209762929117
"2007-03-09",-1.16281241185545,2.08832087510356,2.05232590194413
"2007-03-16",-0.017880824353611,-2.41333185662196,-0.559252078644334
"2007-03-23",0.999385560566513,4.36975953218592,4.42200380057054
"2007-03-30",-0.603775419092045,0.789805660969733,0.903926364915097
"2007-04-06",2.74651645649007,3.48577961928385,2.53795607111531
"2007-04-13",-0.0014441163092016,0.825369856817559,2.26361747708337
"2007-04-20",-0.714500970804366,-0.383710039473506,0.5465848329262
"2007-04-27",1.09646414698528,1.12232232593374,0.712086459068395
"2007-05-04",3.02243969348801,2.53225157940768,2.87427204816266
"2007-05-11",-1.34052901801489,-1.12050192337172,-0.880348982699619
"2007-05-18",3.04552465205754,1.88184858254772,0.398037663346518
"2007-05-25",-1.32884060491394,-0.73639108427237,-1.31756557495439
"2007-06-01",4.72434718535926,1.75385983766017,1.55533580081579
"2007-06-08",-0.256320155209711,-1.61170321791229,-0.566277144942706
"2007-06-15",-1.03593240539546,2.53295504166147,0.608912918472182
"2007-06-22",3.66723148709873,0.951019737688874,2.24700793974071
"2007-06-29",0.612072880091308,-1.87565350075509,-2.70888211029288
"2007-07-06",6.91190237529034,0.387052251373809,1.42659536520657
"2007-07-13",3.16428215932802,2.56784292040315,0.788821444253696
"2007-07-20",-1.00604470258414,-0.0884206031061652,-0.170576967216807
"2007-07-27",1.52150976145062,-4.44301022526741,-1.97103256444793
"2007-08-03",-3.03906866407964,-1.63554305806581,-1.4836008703897
"2007-08-10",-4.00523529621921,-2.26227489261888,-3.63881678178615
"2007-08-17",-5.94061779985333,-7.04370806824706,-7.7602700710365
"2007-08-24",4.17066008991327,7.34897104080243,6.65297394775077
"2007-08-31",2.80454559762227,0.693843395420224,1.18337186112445
"2007-09-07",-1.45543143976798,2.79186034640375,1.25079708100762
"2007-09-14",1.30036975323087,1.35026968341201,-1.18718631468022
"2007-09-21",2.38045631077766,0.164438868351269,1.26685416525758
"2007-09-28",1.66848433197622,4.52615382262636,2.29815128130406
"2007-10-05",0.804560744378691,4.31282022979946,2.65106904697747
"2007-10-12",3.98937541872746,-0.318889541628486,0.222024149877686
"2007-10-19",-1.26955217930869,-2.87374661583559,-0.370071304038344
"2007-10-26",2.1171147719266,0.626902936570062,2.03581503981152
"2007-11-02",-0.0257139823991004,-1.50212458069312,-0.0622355456576962
"2007-11-09",-2.2273642945656,-3.16226371476596,0.340747473172431
"2007-11-16",-2.9670740272584,-4.50916723737276,-1.11945347553908
"2007-11-23",-2.96677509018046,-3.40131947562767,-2.41527839976197
"2007-11-30",2.65654370147299,5.70844125297736,3.15819931267765
"2007-12-07",-0.598403283442472,1.0362816312707,2.61828720111126
"2007-12-14",-0.594831857766742,-2.60737145539007,-2.15906464282929
"2007-12-21",-2.76381228201279,-1.98943698596867,0.010687681032806
"2007-12-28",5.32517980787253,1.39454503740755,3.05082244941906
"2008-01-04",-4.33331080582979,-0.233307919607562,1.34744343133821
"2008-01-11",-3.1198070897438,-4.47500959526632,3.32258704441886
"2008-01-18",-0.857432718519746,-5.7306586803163,-5.19315112355674
"2008-01-25",-3.86651923281063,1.76353167809982,-2.39669244134566
"2008-02-01",6.51454684825508,-4.9198542580438,-1.52863007828303
"2008-02-08",-0.546591356507609,-2.55343624669182,2.27579624992869
"2008-02-15",2.47518897358434,5.20692631259001,0.791385460018645
"2008-02-22",0.0254005117754197,-1.30482256380802,-4.12763703482701
"2008-02-29",2.26002373008161,-0.730527405666059,-0.886000045681179
"2008-03-07",-2.90184875870247,-5.43752937068209,-4.6033910140431
"2008-03-14",-0.430590866620495,-0.955962192113358,-8.15249099412343
"2008-03-21",-1.81580949942175,-0.497889416782726,-0.484920619681262
"2008-03-28",2.6836285544694,7.07129800220452,5.66859403201692
"2008-04-04",-0.0448493010420492,3.9976490574773,-2.93765253258549
"2008-04-11",0.278467399511051,-0.913347206217452,2.00997543429597
"2008-04-18",2.18842814348283,-0.0639821895417114,1.65925443301465
"2008-04-25",-1.57491079982703,2.03774193231432,1.59879448780824
"2008-05-02",1.30840979817748,1.45987994211527,-1.29711612516195
"2008-05-09",0.421337302093328,-2.31546746590503,1.07872367043456
"2008-05-16",2.75141989363474,2.48188742283322,1.19107033105674
"2008-05-23",0.602549476995229,-3.75112335732979,-2.01059016153531
"2008-05-30",-4.9084294836959,2.23200292519046,0.103493705530688
"2008-06-06",-1.97707199302171,-1.44780779098497,-2.18096553110767
"2008-06-13",-4.33701099270776,-5.45881797962773,-1.55133220286503
"2008-06-20",-1.77118981110382,0.743980145994261,-1.86210748213727
"2008-06-27",0.88435994562337,-1.54088839960025,-1.3457513888345
"2008-07-04",-4.30681007411273,-2.16715472152202,-4.85323312328276
"2008-07-11",-1.72947052238026,1.17883338798448,1.42263608426925
"2008-07-18",-9.43767400111604,-2.74011570528643,-4.02194819086459
"2008-07-25",3.10397588502846,2.60575096863045,3.26806396734032
"2008-08-01",-0.998446859721813,-0.577804241954638,1.50816688295912
"2008-08-08",1.75853103235823,-3.44929978714088,-3.4038409189372
"2008-08-15",2.40037844716658,-0.3582493876225,-2.2805408396751
"2008-08-22",-3.67823472870921,-2.68817809771305,-0.866719478791644
"2008-08-29",0.367397238426914,0.609529183148361,1.36317924458567
"2008-09-05",-5.81111273395951,-6.23969811306582,-2.76014279179053
"2008-09-12",1.31372357192836,-0.137612560784639,-2.50749693867034
"2008-09-19",-4.61474813057663,-0.452265408093933,-1.77129183485425
"2008-09-26",-0.942280649413441,-5.94115380359304,-0.50532061413211
"2008-10-03",-4.78495271718007,-4.85762088056756,-0.376001189092889
"2008-10-10",-26.6613598730712,-16.4683569006774,-8.48302224714725
"2008-10-17",4.19223712714576,-3.64936859764278,-3.12980897523332
"2008-10-24",-8.50785996352288,-16.0300295479023,-5.22920853925788
"2008-10-31",-3.84789641528025,11.4380626208025,0.522430834380394
"2008-11-07",10.7516497782204,3.78918335334211,3.45285671892945
"2008-11-14",-7.57595467947896,-5.76260204116954,-1.38546933438963
"2008-11-21",-7.84953478012334,-5.67431901698443,-1.68945929572022
"2008-11-28",1.08339084311364,4.15239922111761,-0.0854000582768855
"2008-12-05",-2.25752310992844,-4.32883779793336,-3.26943847622196
"2008-12-12",7.81161608185004,4.77630191099756,1.65512044833793
"2008-12-19",5.09860365669814,3.11863296699064,2.79192296861899
"2008-12-26",-0.087284452124603,-3.96862149448669,-1.03800215138934
"2009-01-02",0.745056871788385,5.85768731885006,3.06657924741849
"2009-01-09",2.00222305471902,-1.30319552196898,2.72539105230445
"2009-01-16",-5.33752249300825,-4.27440388381708,-2.489746018842
"2009-01-23",-0.386776428387403,-2.6479437286854,-2.68844336040299
"2009-01-30",0.957296597934931,3.56945549000827,1.33855874773197
"2009-02-06",1.51916580248628,-1.79794664769215,1.36884608190702
"2009-02-13",0.310056867429509,-0.567673455674278,1.46143161676022
"2009-02-20",-2.52160014356253,-6.71042888975988,-2.23731929448991
"2009-02-27",-0.727326310932064,-0.0043889761466076,0.10784215651034
"2009-03-06",-2.82264958660123,-5.26184839278594,-3.71135116195127
"2009-03-13",1.25075656355982,4.16802493562285,-1.73598534705608
"2009-03-20",1.13527195688405,1.22227804107276,1.57272381251845
"2009-03-27",2.56662948769426,8.90559335895951,3.28455411832591
"2009-04-03",1.17946904903725,4.21817012090013,2.40800726979185
"2009-04-10",1.74242118256274,0.418701870535809,3.71934083743595
"2009-04-17",0.641281241901215,3.65402913168644,2.49573678396802
"2009-04-24",3.71093317746523,-2.33167246573478,2.81041046923614
"2009-05-01",3.64934464903985,3.5746014524884,-0.195621766309095
"2009-05-08",7.07174034087243,15.3205430527404,3.57308321614234
"2009-05-15",1.16801749874877,-4.49734192570039,-1.23177075169378
"2009-05-22",3.69547721756245,4.81227612124933,3.01556739796451
"2009-05-29",1.14678715218135,3.66475585952291,-0.110081040325927
"2009-06-05",7.58488028305679,2.84734065611856,2.96208218309211
"2009-06-12",3.88981178297705,-0.807810955008748,1.35296317262723
"2009-06-19",-6.5023352143152,-4.46889045974519,-2.85182027257029
"2009-06-26",1.15128130614934,1.95034421335318,1.52395855177545
"2009-07-03",-2.08948650611687,-0.788275299054675,-0.286717193708252
"2009-07-10",-3.03630948858986,0.357226172191272,-0.46065161231299
"2009-07-17",5.17781334618297,5.19135579674721,4.85689378611536
"2009-07-24",2.99605174585436,4.12878747264038,3.07300245886601
"2009-07-31",1.57646371169404,4.84512098880732,1.63210789578168
"2009-08-07",3.18588685276708,-4.21869009624682,0.845846604519096
"2009-08-14",1.54803045131562,3.17194012019559,0.31094002174239
"2009-08-21",-1.48130326216656,-3.34821872522717,-2.1068983192162
"2009-08-28",1.89770678323677,3.77633225073861,0.896475726625923
"2009-09-04",1.7248181089502,-0.763845255731432,0.379939343834668
"2009-09-11",5.72739383859266,2.20005404294685,2.47517893669382
"2009-09-18",0.824497452889883,-1.24303994639963,1.06361211451995
"2009-09-25",1.10087229795157,0.561506202524509,-0.31247590616772
"2009-10-02",0.413518046189232,-2.21334749445967,-0.919284914585017
"2009-10-09",3.03265664701051,1.82541248647698,2.25986740736319
"2009-10-16",-4.06479499242351,2.07483056872935,1.84298897832837
"2009-10-23",-1.17262263226943,0.266250853336647,0.818588729475067
"2009-10-30",-3.37478224276104,-2.3931211544439,-1.90179932085019
"2009-11-06",1.93521326173629,0.266699973880069,1.40018821156529
"2009-11-13",-0.042950407257436,2.56334781322032,0.805780669975498
"2009-11-20",-0.442027729297223,1.2502053061211,0.267157137195539
"2009-11-27",-2.16347252751943,0.0246209105187134,-0.29469916847642
"2009-12-04",3.06981665414021,1.03688332521541,-0.0322731730085124
"2009-12-11",0.293192735042247,0.34837009637485,-0.806264742335028
"2009-12-18",1.69662779538333,0.0656751175597492,0.551650211580856
"2009-12-25",2.03728806306476,1.24498752728046,-0.239439683561837
"2010-01-01",0.563843263144026,2.08958454820367,0.696965828660012
"2010-01-08",0.599933933772867,0.863866494709598,1.57461472358147
"2010-01-15",1.01786160305748,-0.491839693090945,0.432172800636366
"2010-01-22",-4.43993997598646,-3.09759356208055,0.14389986438692
"2010-01-29",-2.48834304028307,-2.67254713953022,-3.22655264405416
"2010-02-05",-0.740658736172506,-2.27643001427245,-0.898269344401115
"2010-02-12",0.952909099094601,2.76877783174836,0.438974194591246
"2010-02-19",0.344662722224509,-0.0638138976412961,0.340892224378031
"2010-02-26",2.94434727956467,-0.228032052333305,1.03700824502928
"2010-03-05",0.358396044132459,1.42319430217146,2.25641342054601
"2010-03-12",1.28732993053955,3.21168718243108,0.874772907036547
"2010-03-19",5.47244155622773,1.18475232871456,-1.11972946887251
"2010-03-26",0.549745502461452,-0.323601531450013,1.41976700824209
"2010-04-02",2.82168833209306,1.25623521339593,1.56920400851419
"2010-04-09",-1.44457223796017,0.978876757705827,-0.146820904902523
"2010-04-16",-7.01549866671289,1.17810553178996,-0.0907471703786911
"2010-04-23",2.47138166636747,-0.623784479352274,0.300425391248282
"2010-04-30",1.17649190790301,-0.465530514903811,0.715577227152053
"2010-05-07",0.657940052107797,-5.29825134428119,-1.00699921961125
"2010-05-14",0.0312227616467098,1.20149710448585,0.479757224954014
"2010-05-21",-0.423638312570151,-5.54492768507506,-4.0820438982502
"2010-05-28",-3.76137285342901,1.4152306635971,-1.29713861137084
"2010-06-04",4.53430093141787,2.40932931962057,1.96842773903736
"2010-06-11",-0.250481951563231,-0.364817995824041,0.0216294717844789
"2010-06-18",2.85660515117723,1.31838653706282,1.76243671365253
"2010-06-25",0.229577778820023,0.641686341263448,0.662599714824363
"2010-07-02",1.11513208884757,-0.261595035262019,-1.4435173905051
"2010-07-09",2.22167013936749,2.53356512181204,1.28205422787087
"2010-07-16",0.842166444345072,1.38047330138793,0.927491466332775
"2010-07-23",1.52301208629835,0.531091973792286,0.673297775668757
"2010-07-30",1.83841929731603,0.477423963051571,1.12614801317132
"2010-08-06",2.22321248701043,0.246040413216164,-0.0345414261694543
"2010-08-13",-1.4863014869209,-1.85648875388322,-0.0220539587749258
"2010-08-20",3.6175417422263,-0.118779208887076,2.53137643044603
"2010-08-27",0.718950424156439,0.0769332931011668,1.14253560158142
"2010-09-03",3.22712635317481,2.14843400605105,1.72975310989534
"2010-09-10",-0.574828891975976,0.654625531050357,0.146861812750831
"2010-09-17",-0.108216920535309,1.77388170653821,2.00987917235969
"2010-09-24",3.02133918982213,0.528769843069732,-1.08151395479519
"2010-10-01",2.76425540294243,1.228247423035,1.0371951175415
"2010-10-08",-1.58518488458217,0.714170540186743,1.02384762640835
"2010-10-15",3.46505175583678,1.60220867601986,0.568781886579295
"2010-10-22",-0.493619649215571,-0.962715813238724,0.0523402125688577
"2010-10-29",-0.787174601460539,-0.980029027544838,1.00257823400236
"2010-11-05",5.53153233663197,3.06121573289282,0.402996502192465
"2010-11-12",-2.09689566725242,0.360118744592519,-0.792287188037033
"2010-11-19",-0.995258828068124,-1.69415948043081,0.415189593918708
"2010-11-26",-1.70563200696785,-1.23643488797498,-0.933931607338945
"2010-12-03",4.18173546282672,0.453675989650471,0.596721482779117
"2010-12-10",0.172954422772609,0.40831405641466,0.418847387542165
"2010-12-17",-1.30108573445415,-1.02265963216439,-0.492159707961459
"2010-12-24",-0.0459781367389667,-0.292529282851284,0.777035648417623
"2010-12-31",1.04831231355282,1.46011965910908,0.48375109598906
"2011-01-07",0.356658233002527,2.21077641849128,3.44893005191595
"2011-01-14",-0.405083915056093,-0.473007393043545,-0.147671965984664
"2011-01-21",-2.5202061695059,-1.90844537173795,-1.44100629066477
"2011-01-28",-2.48856133213673,1.40594649562598,-1.66425068016469
"2011-02-04",0.300008869336565,-0.576637145202241,0.65035874398367
"2011-02-11",-3.64090154248542,-4.25769456478307,-2.46514858884623
"2011-02-18",4.73061869090303,0.313098975966852,1.52986968304205
"2011-02-25",-0.975036490998615,-2.02098474102392,-1.88177148697433
"2011-03-04",1.00918195098849,1.18789462828097,2.21399005663994
"2011-03-11",1.11335818071598,-0.583804567320811,-1.78851309906127
"2011-03-18",-0.375059508978026,-3.60317071910004,0.551424796412281
"2011-03-25",3.37510355096118,4.49779637437278,0.772332482818872
"2011-04-01",2.53286488957221,1.60324916934584,2.59414793841071
"2011-04-08",1.70844009266746,2.1193669362976,0.135566234577666
"2011-04-15",0.20483491199581,-1.07277773495067,-2.30897142640822
"2011-04-22",1.8610709733192,1.30530537010412,0.0532073885426421
"2011-04-29",-1.06693146624766,-0.466540655060577,0.797989648428032
"2011-05-06",-3.9839068822614,-2.55899098730445,-1.27523897030164
"2011-05-13",3.1943759462111,2.0488646197709,1.65174029778212
"2011-05-20",-1.11405758552552,0.153500698152698,0.0188203532941245
"2011-05-27",-0.555157177852372,-1.04758844233022,0.495838826418638
"2011-06-03",-0.860297278102973,0.323187448070783,0.71802505015448
"2011-06-10",-3.60826929204645,-2.16331648757127,-0.234913652143387
"2011-06-17",-0.13828073187554,-2.40229974706292,0.464159929637376
"2011-06-24",0.389833492369096,2.02802345256998,0.0786422426076072
"2011-07-01",1.79619442389587,2.32564873740095,1.16153294709571
"2011-07-08",4.41210747371326,0.390125592372925,0.742683608075456
"2011-07-15",-0.788614886876893,-2.15034458215531,-1.10278892761597
"2011-07-22",3.73791215494448,3.15031660405722,-0.775866235342626
"2011-07-29",1.10798314314593,0.198047523934974,-1.04372677844538
"2011-08-05",-3.60628415674027,-6.29181418549738,-1.58663244329311
"2011-08-12",-2.9053981725327,-4.93447827105618,-2.71018216487491
"2011-08-19",0.669087126407231,-4.18955941014501,0.0208919516200723
"2011-08-26",-3.03666481020137,0.530847810053992,-2.67498425355912
"2011-09-02",2.65997417840111,3.39526144701336,2.00630252179685
"2011-09-09",-0.264153757509789,-0.634772666647798,-0.337726816908024
"2011-09-16",-2.77059869744436,-1.28463116013995,-2.63389995422436
"2011-09-23",-7.55367747579685,-3.2890220829457,-4.64817462178591
"2011-09-30",-4.47691825987171,-0.879803812778235,1.53940280912908
"2011-10-07",-0.771350064700282,-1.31166445776127,0.927108585927972
"2011-10-14",5.00270531356364,3.85861142316406,2.98212410903789
"2011-10-21",-4.21716736856341,-1.16411227047628,-0.249890802868347
"2011-10-28",6.01815850942859,6.88436695388885,2.94407786765749
"2011-11-04",-1.64417919939002,-1.99799484693424,-0.291282354273648
"2011-11-11",1.4168303886593,-2.03228030101412,-0.59465395543894
"2011-11-18",1.34929136295456,-2.1952313085337,-0.981825446925466
"2011-11-25",-1.74038646197578,-3.2159696965536,-1.58356710982401
"2011-12-02",6.23176227634747,4.77931349022471,3.93604121022735
"2011-12-09",0.448781146459964,-2.88098111637849,-1.95927125928987
"2011-12-16",0.00580253957975785,-1.3216923629936,0.416218756596365
"2011-12-23",0.319586258501037,0.646591541077068,2.02074814873514
"2011-12-30",-1.16839050774793,-1.13174300429897,2.28496038942732
"2012-01-06",1.06133186121795,2.5827908933663,-1.09037292131573
"2012-01-13",0.821697310228142,2.75841738681821,0.58870181874342
"2012-01-20",1.31689067637062,2.05080118755117,-0.0269229381775205
"2012-01-27",1.65159846873753,2.32005466541061,-0.115654049611624
"2012-02-03",2.08352363260369,0.0579341520880128,1.16811310988298
"2012-02-10",1.26230280090187,1.43079534061705,1.4765962074712
"2012-02-17",1.51774774126414,1.36196676624545,-0.289213074450068
"2012-02-24",1.42440909771882,-0.753013843053729,0.103982139847325
"2012-03-02",1.64500592142165,0.516113323856615,1.59173461336906
"2012-03-09",-0.554251674895934,-1.01870391291987,-0.302265958388581
"2012-03-16",2.62761735054182,1.59130751901531,-0.482479351392051
"2012-03-23",0.409396544962792,-0.686582396989976,0.914098781396611
"2012-03-30",0.194880477868065,0.679274810715746,0.659931499802724
"2012-04-06",-1.20715325281102,-0.809121489423781,0.158988516214098
"2012-04-13",-1.10211757361016,0.0542348381729951,0.265460073003254
"2012-04-20",2.12778485013025,0.222656929658172,-0.705486858617466
"2012-04-27",1.42789517028259,-0.431723243621285,-1.52234991050921
"2012-05-04",1.28159052240191,0.301733099888324,1.47145276876151
"2012-05-11",-3.01045715993737,-3.65005389557425,-0.423259726917813
"2012-05-18",-3.11863087316642,-3.68430191157474,-3.32810058452573
"2012-05-25",-1.88964512543794,-0.22875267772049,1.21029632949483
"2012-06-01",-1.56941326750122,-0.979991389118862,1.43823825767981
"2012-06-08",1.06231682834119,-0.285214286276325,-0.188918735283838
"2012-06-15",3.3699537956104,2.6352741175633,0.546694061255426
"2012-06-22",-1.10583192236797,0.606128021457142,1.49831543191352
"2012-06-29",1.65163624075308,1.76503826858294,-0.244830271380447
"2012-07-06",2.35826778326471,3.41846500942182,1.32933597154956
"2012-07-13",0.847177907551178,0.569458746729801,0.359108836055189
"2012-07-20",-0.143870640483179,0.664441007201155,1.01671528966261
"2012-07-27",-2.55947197514681,-0.566677383829095,-1.10529470320264
"2012-08-03",1.64345280234892,1.74687325240956,0.619637685865726
"2012-08-10",1.80732297443305,0.0940131392816568,0.629193637730552
"2012-08-17",0.371632004942057,0.258652828581596,0.268880182628894
"2012-08-24",1.07920270536219,-0.380198736948678,-0.0952089362129094
"2012-08-31",-0.787939175379293,-0.823908741564594,-0.128098902570795
"2012-09-07",1.50553866919054,-0.455844265417404,-1.31840743430169
"2012-09-14",2.3805550421212,1.93096566759046,1.12625521012264
"2012-09-21",0.791455828639087,0.254039641229475,-1.17859108447966
"2012-09-28",0.969427912778098,-0.582873556863461,0.795008419933652
"2012-10-05",0.962407912613994,1.54115831857595,1.42985671773017
"2012-10-12",-1.1018655913257,-2.15045964033571,-0.414656601665708
"2012-10-19",0.823903089997113,0.235442186561485,0.782602474279059
"2012-10-26",-2.00043743282654,0.281342966875897,0.331911731089995
"2012-11-02",1.91552018378562,-0.549666370338642,-0.947116772722989
"2012-11-09",-1.21429210982393,-1.0310306842868,-0.912899361596864
"2012-11-16",-0.832378705186976,-2.147117254649,-0.721636224018685
"2012-11-23",0.122568647923682,1.47098396023404,-0.922438406572645
"2012-11-30",3.25003467851808,2.66287190921339,-0.216424126769077
"2012-12-07",0.820616942848229,1.20317588892984,0.42990836206549
"2012-12-14",1.74873119169616,1.95431633537897,2.09259107595159
"2012-12-21",1.0893704814257,-0.153822130491399,0.415002271936959
"2012-12-28",1.34164185929322,0.888704522325057,1.34605556717275
"2013-01-04",1.76107150833351,1.04161439923729,0.66688451641399
"2013-01-11",-0.325235728869089,-0.270735310640369,-0.585434584294475
"2013-01-18",1.57248980580791,-0.164288462708129,-0.37271487623638
"2013-01-25",1.86271939609144,1.79280262274446,-2.37277886405991
"2013-02-01",2.55432497561845,0.66550558484284,-0.586889220241815
"2013-02-08",-0.12814866997406,-0.63522854974245,-0.23067351486743
"2013-02-15",1.60463490297325,0.389723643348105,0.254018766672193
"2013-02-22",1.215699325589,0.154005387146761,-0.359999281108347
"2013-03-01",-0.0344186019704651,-0.568194610604067,0.942477033274258
"2013-03-08",1.75892666757287,0.610762941017562,1.00383658776213
"2013-03-15",1.97222866216427,-0.105846186188785,-1.60412996058845
"2013-03-22",-7.74882961775445,-0.83977867308036,-0.0460896051520443
"2013-03-29",5.40191781467589,1.50855576139275,2.71289814530178
"2013-04-05",-4.69044437387591,-0.251820686715831,1.01301948351438
"2013-04-12",2.50539315574994,-0.169548886001181,0.583377796306017
"2013-04-19",1.18070351506017,-0.00424999696484463,0.455239110811867
"2013-04-26",2.39559594220129,1.65051647473788,0.293190985926817
"2013-05-03",-0.251749092440257,0.62600948323297,-0.97004336634976
"2013-05-10",2.71957737027471,2.16837311912315,4.47762377351069
"2013-05-17",0.337185439019105,0.160451038112086,-0.181841847743236
"2013-05-24",-1.26724037931423,-1.6406724205325,0.220200979943375
"2013-05-31",-2.86434287068378,-2.44025866624362,-0.216809597445966
"2013-06-07",-2.97782787180427,-3.89976279663671,0.359399057024223
"2013-06-14",-3.41940602068016,-0.733991618889362,-0.757540835319226
"2013-06-21",-4.52102101110796,-1.17661891842786,-0.360428355760778
"2013-06-28",3.60437277894787,0.828385792397945,1.0024479096403
"2013-07-05",-0.730674507477769,0.610428513761718,-0.071633846952146
"2013-07-12",0.85526109921723,2.07101296733576,0.752128382603701
"2013-07-19",1.9165649407431,-0.707054231633641,0.674782587137823
"2013-07-26",-0.346791850150296,0.708290295019154,0.547521026076936
"2013-08-02",-3.84980158933796,0.55560577612237,-1.39830473483196
"2013-08-09",0.792800986910169,-0.747068575930676,-0.179121454584497
"2013-08-16",0.938850055089713,-1.00756363124823,0.500062708853566
"2013-08-23",-7.73620179309225,-3.45797834037302,-3.82857055024797
"2013-08-30",-3.33031084602693,-1.95861300218141,0.377539485455447
"2013-09-06",3.18971748908625,0.638773729708753,-0.219042905235778
"2013-09-13",4.73761844374412,2.33286904167258,2.69002656446871
"2013-09-20",5.93558878677634,3.68815423469293,1.73713932373936
"2013-09-27",-4.77115537411583,-0.848368305584124,-1.43490845110428
"2013-10-04",0.719106433896766,-2.27158624050841,0.0225179581667234
"2013-10-11",2.08359643086737,1.31788497339542,0.515958486907753
"2013-10-18",1.83114717191071,0.413959706795275,0.772036612609828
"2013-10-25",-2.03027792924466,0.38573758313909,0.994158294774827
"2013-11-01",-1.78925424096983,-0.126123105360776,-0.394710516367169
"2013-11-08",-1.69722257148486,-0.750969673071111,-0.328087732643922
"2013-11-15",1.10628974938196,0.7531563291586,-0.81294701197141
"2013-11-22",-4.43209100601427,-0.891736846132218,0.259458519223621
"2013-11-29",0.883457507864893,0.110250121417721,1.00909029819629
"2013-12-06",-0.699677169146806,-1.97700747383571,0.78194300614669
"2013-12-13",-1.51259035106994,-1.55823605005718,0.730786117053217
"2013-12-20",0.118486516460869,0.923957551118093,-0.126142503364512
"2013-12-27",-3.33259432337236,1.77063803619735,1.24518719816633
"2014-01-03",-5.87408723201435,-0.582371659471548,-1.42434357768337
"2014-01-10",2.4863482259649,0.395198224757998,-0.444099218153404
"2014-01-17",3.13331733086981,0.10999492462016,-0.747334243551112
"2014-01-24",1.47280098566354,-2.29276736949551,-0.57750231029372
"2014-01-31",-3.11739439951841,-1.59820940438955,0.0809626839544997
"2014-02-07",1.72792996715589,-0.466198223328007,0.252448495648494
"2014-02-14",1.1792987353588,0.845035886863243,0.594275114708154
"2014-02-21",-0.585610676354076,1.99464473367144,0.622996938439524
"2014-02-28",1.60639915492879,0.349396801264135,0.268383316234644
"2014-03-07",2.21990081467318,0.815750861110232,-0.179933636694596
"2014-03-14",1.25402228543718,-2.01424527791669,-1.49776819277996
"2014-03-21",-0.854843679245132,-0.0107367527283131,0.847313101067115
"2014-03-28",0.615521837816591,3.16347093752487,1.647995327271
"2014-04-04",1.67412481751397,1.2702034083258,0.317208830614391
"2014-04-11",-0.204949787147424,-0.452352532553668,-0.212979992996765
"2014-04-18",1.43087270116196,1.72291390516772,0.00161928022999192
"2014-04-25",-0.0724087291249731,0.422304530018636,0.446459366077079
"2014-05-02",0.941469472183254,-0.460728531659527,0.434310050358278
"2014-05-09",-3.15226986394572,-0.0129137790201739,-0.126345110227533
"2014-05-16",2.00464553204869,0.321119218889443,0.886391621357419
"2014-05-23",-0.600979646874755,0.471822310907832,-0.752556475548705
"2014-05-30",1.34327565465924,0.542451971859492,0.22230544077475
"2014-06-06",2.9434051789436,0.1085624977744,-0.571723790242462
"2014-06-13",-0.137266496961885,-0.187480715283428,0.75091810397625
"2014-06-20",0.771047602529684,-1.05158896734494,0.477348173886849
"2014-06-27",1.08117222129076,0.375200483037652,-0.254337545676542
"2014-07-04",0.845235254945464,0.0641789698383022,0.211373902335232
"2014-07-11",1.47190298354749,0.626783719972757,-0.0934167782886242
"2014-07-18",1.00937470099582,0.508763623408193,-0.542050037036557
"2014-07-25",0.678528304714376,1.19027934011644,0.233047506890394
"2014-08-01",-2.86808640707266,-0.171780539628408,-0.748530500766087
"2014-08-08",1.33158288787705,-1.6743163590224,-1.26756593590303
"2014-08-15",1.7157643268896,0.783811780044275,1.31960944974656
"2014-08-22",0.666972014243328,0.323179911032057,0.357669109376957
"2014-08-29",0.298852271423655,0.0478009325773243,-0.261165222967641
"2014-09-05",1.44251456331865,0.439058889526578,0.125851185553927
"2014-09-12",-0.187005689938413,0.114246761478576,-0.68849121350727
"2014-09-19",0.224238709114388,-1.21795027959095,-0.331972462399044
"2014-09-26",0.957600086338761,-0.389252999348599,-0.487265157209471
"2014-10-03",-1.88496768381992,-1.19076489679912,0.0173850684431542
"2014-10-10",-1.12457156975347,-0.906892157001771,-1.75032553001833
"2014-10-17",-1.55839892010246,-1.7567258203357,-1.14368294220437
"2014-10-24",0.729973065001133,1.71577285672342,1.69388914092705
"2014-10-31",2.8330325232746,1.59158636127383,1.97556241154793
"2014-11-07",-0.366162943537773,0.370086267686531,-1.68295024300571
"2014-11-14",-0.157882255194153,0.887001692566081,-0.57174741647259
"2014-11-21",0.210454329233212,0.890263934656765,-0.257251199028286
"2014-11-28",0.927172734542658,0.154723425461967,0.647932581197885
"2014-12-05",0.241253128760022,-0.782338980048358,-4.00696694309399
"2014-12-12",-5.32202132137254,-0.00782128955414407,-0.940748274349534
"2014-12-19",-0.0396131124580812,-1.35078662893147,-0.985806683340762
"2014-12-26",-0.260516684190737,2.23581309360892,2.78431860449473
"2015-01-02",-0.84705700480594,0.502955284271245,-0.663596590764914
"2015-01-09",2.09780114643197,-0.958417121344191,-1.16665742326747
"2015-01-16",-0.766619225983245,-1.13751241601836,0.64039160053504
"2015-01-23",5.173694785306,3.30235694224168,3.35615782775234
"2015-01-30",-1.07436606656881,-0.596823621705056,-1.2175334676308
"2015-02-06",2.0270625959613,1.17728429933521,1.77998362072325
"2015-02-13",0.139958902184567,-0.149907138161076,-0.680651180719494
"2015-02-20",-0.772833060007638,0.275143428779678,0.383505327580735
"2015-02-27",-1.0305815153429,-0.959279245377864,0.735175861854831
"2015-03-06",-1.18658889147927,0.429596122521758,-0.785524012070571
"2015-03-13",-1.71974500497996,-1.61471766252053,-1.40498478279971
"2015-03-20",-0.754681248531508,1.46625388368609,1.22163621138043
"2015-03-27",-2.29682380650118,1.09756381915194,0.537460306989601
"2015-04-03",2.69408330722785,0.105738112504561,1.15958743234037
"2015-04-10",0.763976373652131,0.537964055833662,0.532235689634675
"2015-04-17",1.22132844625158,1.50940977070348,0.0840069748090144
"2015-04-24",-0.729591265724494,-0.346396223716994,0.901732981787351
"2015-05-01",-1.86365785819573,-0.731676785227897,-2.40771237897235
"2015-05-08",-1.06874010917695,-1.01969353430462,-0.585784042015991
"2015-05-15",0.111158909120146,0.320747161150159,0.235939737639335
"2015-05-22",0.768765828940943,-0.373773810456512,-1.35690609497416
"2015-05-29",-1.8418288074022,-1.69742569461775,-2.26203556043734
"2015-06-05",0.75381089578288,-1.73783474233442,-0.12539904587836
"2015-06-12",0.0570367438197827,0.603514045600484,-0.62994144572448
"2015-06-19",-1.11812718756008,-1.58956044242853,-0.729140360213698
"2015-06-26",1.76579356499191,0.602249527152665,-0.65846449131346
"2015-07-03",-1.89125273174744,0.655200786796506,1.38010905349502
"2015-07-10",-0.315348438665186,-1.89810020360532,-1.08180612217401
"2015-07-17",-0.377166707264198,2.21828302898288,0.647823060372144
"2015-07-24",-2.82668722724644,-0.0238588748690205,-0.34633927683938
"2015-07-31",0.141755287444045,-4.58193231133244,0.138215417339982
"2015-08-07",-0.789851121378682,-0.182524006942408,-2.37782762633776
"2015-08-14",-1.04619434478694,-2.61181619352637,-5.23557800621877
"2015-08-21",-3.47647735277565,-4.70863904391807,-1.39684250318313
"2015-08-28",0.0241621058816754,-0.508525716452279,2.38888693070409
"2015-09-04",0.351519898340324,-3.16637990647317,-1.47290210771978
"2015-09-11",0.797106459590324,0.602967218984407,0.904552704147843
"2015-09-18",0.620483657641735,-0.730501098257808,4.02431290803218
"2015-09-25",-0.975018113936343,-0.966842832245618,-3.31530822606227
"2015-10-02",-2.23865281966269,-1.40391477866944,0.850239876815273
"2015-10-09",4.71352950706416,7.09421724126837,4.66243815048921
"2015-10-16",0.498285307464652,1.06517557646839,0.600581352809737
"2015-10-23",-0.158051484293509,1.24118876857491,-0.343666008142396
"2015-10-30",-1.50834568450522,-2.31136697142329,-2.67856233607082
"2015-11-06",1.39529863076575,0.403407538801304,1.19294488392017
"2015-11-13",-2.29398689997504,-2.85692804533131,-1.60201476152988
"2015-11-20",0.819800722895447,-0.265932571557137,0.179474873519236
"2015-11-27",-2.22790021233017,-2.03537214046783,1.23787640097275
"2015-12-04",-2.19239693086921,0.694649344352172,-0.878690968436846
"2015-12-11",-4.02809869460725,-1.55489614220921,-1.67657592030697
"2015-12-18",0.311788984536232,0.64035721423279,0.228986348701898
"2015-12-25",-0.154993508061718,0.86485742705964,1.18583603466993
"2016-01-01",0.395963099272301,0.177419821379932,1.72828063263095
"2016-01-08",-3.46294771284095,-4.66896774161096,-2.08358283229737
"2016-01-15",0.134134950212772,-4.47753065801848,-1.76867575195292
"2016-01-22",1.76464871555178,-2.06119224379329,-0.205301016247805
"2016-01-29",2.56533115808937,1.99845304856137,2.58683544693925
"2016-02-05",0.407323164966478,-0.224662719773594,-0.320695956270178
"2016-02-12",-2.30769345238704,-3.22543628815604,-1.1324299832804
"2016-02-19",3.3661541886099,4.50043424216862,1.87673876443473
"2016-02-26",1.71823726635205,-0.28230878584683,-0.685377362388717
"2016-03-04",2.67848231510683,6.84215054661745,1.7313070071638
"2016-03-11",1.00111188297127,-0.287335218322493,0.239006555146482
"2016-03-18",-0.752785064584494,2.71790161168548,1.16032337189145
"2016-03-25",0.851056711083054,-2.06500345448406,-0.733893526181806
"2016-04-01",0.424969339269943,-1.02015046688226,0.395977485133869
"2016-04-08",-2.24384585495825,-0.36148407621166,0.457866910516902
"2016-04-15",1.14554111797185,4.03455820565917,0.556525799567265
"2016-04-22",1.81606647654995,0.562380731810386,-0.582134292414693
"2016-04-29",-0.440432334950458,-3.52730395804519,-2.66864964229043
"2016-05-06",-0.995246667962757,-3.868818301682,-1.40637101008547
"2016-05-13",0.286495085366223,0.150392200634908,-1.28753738916334
"2016-05-20",-0.635128279125308,1.05152522063614,0.0325447877482787
"2016-05-27",1.91606452139634,1.39016634257541,0.514394976218213
"2016-06-03",1.66793379200918,0.239498024217788,-0.0445985375407076
"2016-06-10",-0.503902463489858,0.487909777969353,0.290449546405824
"2016-06-17",-0.553582677560005,-2.13204791469837,-1.04367946809631
"2016-06-24",-0.573645694983504,-1.01950213891735,0.605852268895468
"2016-07-01",2.2252840786666,3.97704765587195,0.742015494983495
"2016-07-08",0.73501351368721,0.0235359829379611,-0.102104082093746
"2016-07-15",2.46649655194719,2.71342735707503,1.44043734869062
"2016-07-22",1.14158240615234,0.681352389781598,-0.660290688761744
"2016-07-29",0.985106212506182,-2.63721759675155,-0.251308020672436
"2016-08-05",-0.353626681466146,-1.42256201935407,0.649928432532398
"2016-08-12",2.21085867399466,1.37758364482545,1.20126049158831
"2016-08-19",-0.897981061655173,-0.818715156495831,0.209381925521157
"2016-08-26",0.689731602921917,0.478106448234428,-0.272341502801954
"2016-09-02",-1.81906679603872,-1.89811706525509,-0.673648102642499
"2016-09-09",-5.13804709263228,2.44531978191462,0.872488956041106
"2016-09-16",2.31104374658093,-1.60963905281868,-2.00340290348846
"2016-09-23",0.929362835787284,1.03793768346252,1.08304959410832
"2016-09-30",-0.649848225728089,0.437272150811552,-1.10967156828492
"2016-10-07",1.41456058230602,0.200880529750158,0.773377614848947
"2016-10-14",-1.79283461974098,-2.10886335197866,-0.385639775837099
"2016-10-21",1.52858267461626,0.560368432330183,0.661472244688177
"2016-10-28",-0.396018962810007,-0.524143625044182,0.017363969806361
"2016-11-04",-0.586551306834071,-0.979836779552112,-1.32772380550437
"2016-11-11",0.592573448242462,0.920875979671099,-0.856078320437526
"2016-11-18",-1.39269665345205,0.850843146447655,-0.637818730148254
"2016-11-25",1.78469296165211,0.72587446081851,0.212853734249396
"2016-12-02",0.0839423645087933,2.07805079244219,0.104415558804583
"2016-12-09",1.6288446566235,1.25131408906425,0.761994648285302
"2016-12-16",-0.249932071207404,-0.619955531531868,-0.221394877590875
"2016-12-23",-0.826388301883973,-2.30036086308028,-1.26824314125935
"2016-12-30",2.1593281630568,0.337633170225971,1.50852232209084
"2017-01-06",1.83281631436865,2.80232391308148,2.03550959177585
"2017-01-13",0.238979114092075,2.08568443559258,-0.178614678951927
"2017-01-20",-0.780698815496272,-0.463541331819783,-0.456045783636405
"2017-01-27",1.76363808851816,1.76998101567438,1.28133047346344
"2017-02-03",-0.494683954832631,-0.750315877277608,-0.0800861413702059
"2017-02-10",0.144562062174725,1.90324402530404,0.823302867028186
"2017-02-17",-0.467899231170854,0.23389035217658,0.513119700842068
"2017-02-24",-0.843301427463761,0.301381182644889,-0.547853268240317
"2017-03-03",0.102849449622688,0.170209533397703,0.588836155531425
"2017-03-10",-1.69283301753786,0.351999903070066,0.537077030357747
"2017-03-17",1.35898559920875,1.14332654213705,1.59528389073111
"2017-03-24",0.799496360969787,-0.83900445903442,0.0315100476690588
"2017-03-31",0.10163183475429,16.7262346848144,-0.324742671728639
"2017-04-07",0.533142108261764,-15.6385949909827,0.0936294696768591
"2017-04-14",0.3762969177453,-0.253052600091941,-0.617963155361512
"2017-04-21",-1.2331143236139,-0.93231531839173,1.43734694417788
"2017-04-28",-0.235943916570136,1.1277547092984,0.681593167954642
"2017-05-05",0.172230167536735,1.69523369892168,-0.301348364446952
"2017-05-12",-1.61136298983635,0.788282298457688,0.742102704593073
"2017-05-19",0.368505514667383,-1.18569853355819,-0.428312097585515
"2017-05-26",1.25878971855817,0.0776839050057987,0.227081536215046
"2017-06-02",-0.106475573280029,0.637519711083101,0.262027338762305
"2017-06-09",-0.0606205649895664,0.436698054725326,0.669690430543746
"2017-06-16",0.631836234394978,-0.701553844688263,0.135187998914166
"2017-06-23",0.365945947077684,-0.68220438439397,-0.664286796807367
"2017-06-30",-0.482722422275117,0.528594523159853,-0.890746253909658
"2017-07-07",-0.337131145155034,0.0783828998120129,-0.212282972215672
"2017-07-14",0.530626588599592,1.79305157961451,-0.280517861400309
"2017-07-21",-0.271634095875761,0.808602386538482,0.236756547407868
"2017-07-28",0.478671541025655,0.5005375491276,0.44920443973071
"2017-08-04",-0.177253379404707,-0.127079135118713,0.420713234304415
"2017-08-11",-1.07977619135129,-1.4168659608476,-0.427504328918271
"2017-08-18",0.333776973643563,-0.849093624843533,0.522695492904113
"2017-08-25",0.593182704079176,0.232816818822634,-0.397700072049112
"2017-09-01",2.66555554383396,0.541242259158814,0.225275549562376
"2017-09-08",1.05654587745834,-1.49714900362472,0.379391740332036
"2017-09-15",1.51210050648416,-0.590236129799671,0.360605287251214
"2017-09-22",-0.0891679126914013,0.332514019840424,-0.859629116790561
"2017-09-29",0.846890462091121,-0.0105587438920196,-0.876765800478108
"2017-10-06",1.35407945212265,2.19261763365335,0.478467093420409
"2017-10-13",0.968776371990909,0.841708950976816,-0.493278110565587
"2017-10-20",-1.16886202107196,0.649267128003217,-0.839256979148217
"2017-10-27",1.37594913872272,1.3589876127039,0.314330385744377
"2017-11-03",-0.852090012866569,-0.122031409418888,-0.298245734488134
"2017-11-10",-0.719018064865562,1.1110882398798,0.0775147101435003
"2017-11-17",1.18283290165202,-1.10901866980342,-1.19056586223083
"2017-11-24",-0.795253837282761,1.75166724390614,-0.25764141629967
"2017-12-01",0.224415421574076,0.214461266610577,0.0366802620637152
"2017-12-08",0.403386167791986,-0.72445321195076,0.197144092393664
"2017-12-15",0.652415571505749,-0.225094298427031,1.83177656270477
"2017-12-22",1.40994366953295,-0.91817804542913,0.408162670197321
"2017-12-29",0.665374230556903,0.507025331142685,2.05627070464942
"2018-01-05",2.35221429935626,2.51102440984123,1.17076235327254
"2018-01-12",0.817612524422451,0.887593719345503,0.258196504519148
"2018-01-19",0.614068177157723,0.842893893105945,0.337395910917682
"2018-01-26",0.413126371778993,0.4715147478354,1.36258981432782
"2018-02-02",-0.0836927703840473,-1.05172761312158,0.889276615403123
"2018-02-09",-2.26364195254911,-4.4188070269378,-2.74574873218798
"2018-02-16",1.08231346514103,1.94324921461693,1.00927567317015
"2018-02-23",0.120090220439817,2.57183364433153,1.25522625001668
"2018-03-02",0.216572277222493,-1.54072541624934,-0.292126516059632
"2018-03-09",-2.04113181235046,0.182920664319575,-0.656760892468622
"2018-03-16",2.02898966085669,0.759394935960245,0.133864112708437
"2018-03-23",-0.973393487516994,-2.6178637052455,1.01466272328059
"2018-03-30",-1.00547833907045,-1.13490446052129,-0.476681443354465
"2018-04-06",-2.06708950934997,1.75000949742508,-1.04729442953877
"2018-04-13",1.55402618144649,1.69363764836081,1.69806642785781
"2018-04-20",1.9118126321092,2.03775984864816,1.02657295465098
"2018-04-27",-1.29971376711513,0.107124037771911,-1.29453026327404
"2018-05-04",0.103994230666338,-0.89378194992733,-1.16806984826745
"2018-05-11",-0.786286413195292,0.69678662362076,0.253772836106503
"2018-05-18",-0.668165322097014,-1.15221630129003,0.431774700046006
"2018-05-25",-0.741553673096718,-0.455520844464985,-3.1273941705372
"2018-06-01",-1.23606396588913,-2.47017922193784,-2.30863035293494
"2018-06-08",0.129000035321525,0.258163164882141,1.24142256877304
"2018-06-15",-1.00501012245982,-2.34483958684155,-0.934443679773089
"2018-06-22",-4.18289614563747,-2.08703070186047,-3.91435214772295
"2018-06-29",-2.43932653577321,-0.570462644329517,-0.156543088693084
"2018-07-06",1.19490323196221,-2.38010653269054,-1.64755049945091
"2018-07-13",1.76539443789077,2.12432645588354,3.43055505286678
"2018-07-20",1.66178724120618,1.14301248381707,1.88350502763663
"2018-07-27",1.82694908941139,0.819898263504015,0.821274775452263
"2018-08-03",0.598719992577834,-1.79803378538477,0.617037201986825
"2018-08-10",-0.358684429549072,0.581635741495568,1.43120931252776
"2018-08-17",-0.93758048418211,-2.32032115189913,-1.24151131313459
"2018-08-24",0.812059173072655,0.110861303947019,1.39866313529229
"2018-08-31",1.03696847928134,0.0149381932533998,0.610213427973783
"2018-09-07",-1.88157655737076,-2.49198842664722,-1.13242230035473
"2018-09-14",1.91816415458357,0.858671595249305,0.254792764953304
"2018-09-21",1.94984802182843,1.76393092270022,0.380699884321345
"2018-09-28",0.0165123145230872,1.21612747474913,-0.970652414291351
"2018-10-05",-2.06453824375341,-1.46163632856098,-0.896289225617242
"2018-10-12",-1.42596981729364,-4.47983477016383,-2.64618948229174
"2018-10-19",-1.67955268963498,-0.21723255678836,0.0808575565007352
"2018-10-26",-2.36295712695522,-2.99929848636671,-2.87440730852513
"2018-11-02",3.19466577979846,4.74334243307455,1.81404061277215
"2018-11-09",-0.795142622277822,-1.24049918582205,-0.337818413823676
"2018-11-16",-2.02942016027379,0.182745682247543,-0.100161966159451
"2018-11-23",-0.792119827528559,-1.01400946088894,-0.617238737547954
"2018-11-30",1.20715948580976,2.11090316387228,-0.949132354007798
"2018-12-07",0.497602635603389,-0.208389265504394,0.0404713730080886
"2018-12-14",-2.48767215621877,-1.09984447968383,-1.11175415845564
"2018-12-21",-0.881189433748286,-1.01419588178135,0.49936482902293
"2018-12-28",-1.99106985516,0.242316254231945,1.29613544414884
"2019-01-04",0.71678957171315,0.189770140679002,-1.32607502629618
"2019-01-11",1.38141073283373,4.45655954791686,0.801674439624023
"2019-01-18",-0.834383505306313,0.799943234965284,0.533265075241296
"2019-01-25",2.48501433825394,-0.687459041193073,0.519267357015085
"2019-02-01",1.69651887894542,-0.424664967179389,-1.0341170464466
"2019-02-08",0.0169538733951313,0.418106863156176,0.177445485055028
"2019-02-15",-0.896430643081203,1.17049729818248,0.136874715845359
"2019-02-22",1.35069131887953,0.926632373109548,1.91135501288011
"2019-03-01",-1.07616531358605,-1.52538279581087,-1.20743216311654
"2019-03-08",-0.692027361648506,-0.764622421175076,-1.23409421506455
"2019-03-15",-0.279510823345497,0.134770699177089,0.0380902505468406
"2019-03-22",1.26657479190104,0.371787062648821,-0.829354658150905
"2019-03-29",-0.465153931300755,0.0242802313419332,-1.39144132812419
"2019-04-05",0.458472017719735,3.35919164989829,-0.11079186874019
"2019-04-12",0.863119767855558,0.280707422302306,-0.71149879304393
"2019-04-19",0.818705747052029,0.467097484367152,-0.498119250011175
"2019-04-26",-0.416012571548308,0.279512690686445,1.00048373984993
"2019-05-03",0.711257555861344,1.04723859220037,-0.0659405093985654
"2019-05-10",-1.82471241009798,-3.56454606591523,-1.66466768639699
"2019-05-17",-2.49214568044964,-2.10041430841805,-0.305383630321465
"2019-05-24",0.373034014909734,-1.11587188431663,-0.439495288656833
"2019-05-31",0.377202596675463,-1.65820917168222,3.22827103171299
"2019-06-07",2.03323109466025,1.54457602403255,-0.0866643085190688
"2019-06-14",1.1323610169268,1.7637240872233,-0.65086179715399
"2019-06-21",2.64422525478754,3.01885844231169,2.62597673063096
"2019-06-28",0.76578048348992,0.00632243516331954,-0.602203134005119
"2019-07-05",0.051421754845915,1.35161033881239,0.620035015078013
"2019-07-12",0.0207923023025636,-0.281671475536882,-0.780438212045809
"2019-07-19",0.202498706225107,0.612298321436633,-0.676758482036899
"2019-07-26",-0.992168738119847,-0.421258106217159,-0.618848669811367
"2019-08-02",-1.95499190769697,-3.09917677047729,-1.2947852747927
"2019-08-09",-2.04303506724832,-2.86704811102627,-0.722439065242853
"2019-08-16",-1.17245496104941,-1.71583641004034,-0.984990556872134
"2019-08-23",0.932259778058864,-0.150352295976219,0.63019329350178
"2019-08-30",0.499152962717808,-0.123213143737821,0.174454563455306
"2019-09-06",0.910688463486586,1.21454060550192,-0.476900496909671
"2019-09-13",-0.486192517203232,2.10864692315784,-0.200890975064461
"2019-09-20",-1.56211486574822,-1.62642472528098,-0.240100657446884
"2019-09-27",0.460982047816128,-1.08348937784903,-0.834189432934096
"2019-10-04",-2.32645919614765,-1.52388752279791,-1.68505583241858
"2019-10-11",1.24013025114724,1.15014518121939,-0.0532989150555885
"2019-10-18",0.333391970329178,0.00610134984526667,0.914970945086235
"2019-10-25",-2.36621463572293,2.26592272514097,-0.0732215940900893
"2019-11-01",-0.0477117216659551,1.36869708696707,1.4756822566703
"2019-11-08",2.80667388910265,1.07396935693753,1.02340211425682
"2019-11-15",-2.19879972683144,-0.782392860494063,-0.934947892956028
"2019-11-22",-0.281879591007694,-0.40869357112161,0.130969222158672
"2019-11-29",-0.44725963822696,-0.988547781069826,-2.22260920639465
"2019-12-06",-2.00668408985045,0.0247314370694696,0.428091051129442
"2019-12-13",0.952479351216606,0.603550724592772,0.173270523666336
"2019-12-20",-0.0629204648907589,-0.0516615742750304,2.45317739437896
"2019-12-27",0.336386513942077,0.439204796150428,0.0267015236978807
"2019-12-31",0.10259463987996,-0.114740079819775,-1.36591514680848
