set	klse
803.13	1230.53
787.47	1231.45
790.23	1233.12
820.11	1237.5
831.93	1239.54
843.22	1236.92
840.5	1232.38
822.89	1220.38
807.67	1211.04
828.91	1216.64
822.57	1214.42
832.55	1224.55
841.03	1235.69
854.18	1220.63
858.97	1232.49
849.17	1241.87
848.56	1244.13
840.42	1239.35
842.63	1228.89
814.39	1212.55
820.18	1215.03
788.04	1216.72
761.63	332.46
744.59	341.53
749.14	345.88
747.76	339.22
737.23	324.54
733.99	328.7
722.57	302.09
263.39	1259.1
257.44	1246.91
708.2	1252.48
700.15	1247.9
731.74	1258.64
747.7	1266.22
742.08	1264.9
739.75	1271.57
739.82	1265.37
726.01	1259.44
727.56	1270.67
707.24	1260.44
688.74	1247.23
683.72	1252.28
676.65	1249.84
691.45	1251.21
703.32	1237.48
719.95	1250.33
720.27	1249.72
716.68	1249.76
694.91	1242.47
686.92	1234.03
693.87	1226.87
700.62	1234.83
703.09	1225.99
702.1	1212.94
713.85	1214.6
710.68	1217.34
714.29	1225.59
712.61	1223.31
709.09	1217.64
705.43	1203.1
694.74	1187.77
716.64	1181.07
706.01	1152.51
714.09	1136.78
715.36	1162.25
712.63	1163.85
715.33	1147.96
713.62	1138.36
716.89	1087.78
701.76	1104.58
700.23	1104.58
694.21	1127.6
691.16	1120.5
689.79	1109.6
688.42	1096.53
684	1089.49
672.48	1074.86
658.59	1059.51
661.29	1080.17
660.1	1097.96
643.28	1090
626.57	1107.14
614.06	1107.14
605.43	1107.37
592.18	1088.52
600.24	1084.55
571.3	1072.49
557.87	1041.27
561.19	1041.91
577.1	1041.39
596.19	1058.62
581.39	1071.03
581.13	1078.2
568.36	1081.19
569.84	1081.88
562.83	1096.33
558.17	1105.62
566.39	1104.83
563.35	1117.97
556.57	1126.83
552.87	1119.28
548.05	1108.84
530.62	1117.31
534.46	1117.2
527.22	1110.36
521.4	1108.25
519.05	1100.41
515.6	1078.38
511.55	1077.4
497.72	1076.93
482.94	1088.12
464.77	1097.48
480.25	1097.54
504.53	1088.98
493.13	1077.92
496.03	1069.96
520.02	1066.74
528.18	1070.06
527.28	1077.3
568.79	1084.88
617.98	1080.61
657.09	1073.31
633.03	1060.53
614.19	1057.77
635.71	1033.24
649.33	1008.52
628.55	1017.61
611.91	1015.5
625.66	1012.48
663.66	1004.09
656.28	1000.38
653.37	1001.55
659.78	1018.01
631.28	1034.07
634	1045.89
646.58	1041.56
680.67	1029.41
682.16	1031.61
679.53	1024.74
665.62	1012.84
652.04	1002.63
663.82	978.56
648.47	945.08
635.32	951.74
638.04	928.33
636.85	932.36
632.25	902.14
632.73	908.83
628.69	918.54
623.25	910.18
604.34	880.45
590.44	885.31
586.41	929.57
583.04	909.24
559.59	905
529.61	883.96
525.49	856
523.74	847.45
511.76	812.18
502.23	804.4
493.84	804.4
515.37	795.73
514.07	750.76
522.2	731.12
540.39	821.59
572.3	879.71
565.01	888.75
541.55	863.08
552.09	834.17
534.18	852.08
536.36	844.06
527.21	827.08
517.4	811.12
521.65	786.68
523.3	787.84
523.8	760.5
536.03	781.2
547.02	779.41
567.36	789.33
557.98	799.81
549.48	809.07
544.54	814.57
547.8	795.83
550.86	791.58
548.37	797.29
542.05	794.15
531.59	803.45
524.61	836.6
528.25	824.94
534.55	834.01
532.95	831.52
525.13	822.59
535.59	801.52
531.58	802.02
525.64	794.8
509.51	767.97
507.94	760.3
511.56	731.17
494	692.39
491.01	693.39
460.8	647.32
457.16	662.48
445.09	662.48
447.21	664.69
447.44	716.72
478.33	725.94
487.11	733.76
478.32	731.04
493.04	707.45
487.94	689.52
467.94	692.49
469.37	684.49
453.81	677.58
456.87	677.47
441.87	667.29
440.13	622.09
434.37	603.49
422.18	536.62
421.59	560.09
412.18	570.57
396.58	541.57
401.79	526.12
399.43	550.24
395.47	545.44
387.56	528.45
378.14	536.95
377.38	548.06
388.77	575.89
401.8	676.47
390.67	629.15
371.51	589.18
368.39	574.92
367.73	558.47
370.28	544.31
376.16	556.79
387.38	577.58
385.25	578.76
376.95	569.83
366.87	556.35
364.2	550.35
357.13	560.96
358.77	568.66
365.82	589.39
366.18	546.79
370.27	525.74
370.31	521
360.17	507.16
349.67	491.6
339.17	477.57
348.96	503.89
367.69	536.68
364.13	525.47
383.01	539.97
420.72	589.08
413.79	585.35
432.86	590.55
420.8	575.21
422.87	558.57
424.51	569.51
558.92	701.31
505.59	690.76
531.11	712.81
535.98	728.19
530.5	727.4
524.52	742.57
509.33	697.43
499.97	685.5
484.06	661.94
502.53	690.83
513.27	704.9
510.41	723.5
521.83	728.06
521.82	720.46
517.06	729.84
512.98	712.81
524.06	727.7
528.42	745.36
538.17	745.12
539.72	733.03
528.24	705.94
509.23	696.79
508.07	690.36
509.98	685.88
508.55	710.47
502.79	709.91
498.67	698.23
514.24	708.16
512.54	703.61
510.46	700.21
500.46	706.55
503.55	731.04
499.75	731.24
503.67	735.79
490.27	731.89
480.07	736.78
470.67	733.31
469.85	727.62
465.09	722.96
459.11	719.52
456.57	700.05
453.88	684.27
442.96	666.48
444.33	664.28
444.23	675.93
446.13	673.14
431.63	629.34
438.99	628.78
434.37	634.29
435.23	623.98
436.73	619.67
427.41	628.24
424.79	635.11
418.79	620.79
412.25	622.83
412.13	625.97
400.71	627.43
393.36	584.62
393.95	586.83
386.42	580.05
381.65	569.17
370.92	548.33
368.82	560.5
369.43	566.85
357.21	549.99
346.46	554.42
355.51	569.19
355.91	593.62
355.82	577.23
358.9	570.55
354.54	561.28
340.12	552.28
333.9	544.74
325.59	538.24
313.04	518
313.64	520.61
313.21	526.36
318.81	518.61
318.16	505.05
312.37	497.79
308.25	505.64
292.1	489.86
283.92	483
279.37	472.37
263.39	452.24
257.44	435.84
272.94	450.88
295.15	471.82
284.32	467.61
275.9	457.61
274.06	457.25
267.74	455.37
264.09	448.42
264.98	445.67
271.2	450.77
267.33	455.64
277.98	478.2
273.74	473.78
272.28	467.55
273.43	455.28
274.26	428.62
266.75	421.31
265.71	420.33
273.75	433.54
282.01	429.99
295.28	445.31
297.74	445.28
287.34	437.82
286.52	421.91
276.2	415.4
275.44	418.4
269.93	408.04
266.72	403.98
263.49	385.97
266.74	389.53
266.72	402.65
260.89	386.27
258.04	386.44
254.07	380.29
252.07	374.78
247.54	364.05
238.3	353.28
234.14	334.7
230.87	326.73
243.62	327.98
235.24	316.24
235.68	315.66
243.37	343.47
243	351.04
238.92	324.06
233.15	317.2
230.22	324.17
227.5	324.49
226.85	313.51
218.85	302.91
211.09	262.7
207.59	294.59
207.4	313.07
207.31	363.44
220.56	445.06
212.85	349.56
213.98	389.65
218.91	380.2
212.7	368.53
211.34	393.24
211.08	389.08
218.7	394.04
220.05	386.55
221.85	393.3
221.88	378.32
223.14	385.45
231.28	376.26
250.18	387.46
248.93	387.27
255.35	377.52
253.82	373.52
254.47	367.64
251.56	363.06
246.26	360.1
248.14	374.45
263.23	370.9
285.22	372.99
292.5	372.22
290.8	389.5
290.19	385.04
285.12	384.22
295.19	393.25
319.22	396.26
331.36	422.97
323.05	424.37
321.57	421.56
319.02	419.11
319.23	415.96
330.45	410.49
345.07	406.35
331.29	405.33
334.93	419.78
343.16	421.91
354.11	431.7
362.08	438.66
376.6	453.29
363.85	465.69
336.62	467.54
356.26	476.12
333.06	460.77
333.59	465.08
345.19	462.02
344.08	464.12
345.13	458.34
358.56	458.58
371.93	461.56
390.43	477.17
383.66	489.66
391.01	502.15
382.2	498.69
373.09	498.08
362.82	501.47
356.16	518.75
343.12	526.75
337.86	521.76
337.63	527.26
350.27	510.85
359.54	522.18
360.3	533.88
344.89	541.01
349.18	543.79
344.53	542.99
338.65	542.78
341.92	550.41
337.17	550.84
343.34	537.22
344.27	551.11
346.93	552.32
360.29	556.14
351.81	566.23
355.81	574.56
356.68	561.65
378.51	567.89
402.56	586.48
397.72	585.89
399.43	591.7
399.2	598.46
399.81	593.33
385.58	594.04
386.96	593.34
381.82	598.97
385.75	614.52
376.48	618.54
363.36	610.19
366.77	610.88
373.25	605.18
366.16	595.45
363	591.43
347.21	579.55
338.2	568.84
338.27	577.32
337.96	558.8
330.77	526.1
320.36	548.14
314.74	546.15
313.65	562.95
347.43	570.79
336.47	566.29
336.57	565.29
334.52	562.61
333.71	562.79
336.17	553.13
332.67	549.24
340.94	542.23
338.82	526.03
341.51	513.23
337.14	516.59
336.21	516.82
336.68	519.86
329.59	530.53
333.28	528.12
345.21	523.27
345.79	528.79
360.88	518.45
354.95	511.9
356.8	511.85
362.91	515.34
367.69	513.91
366.09	507.55
365.74	503.48
360.35	494.57
365.7	499.14
366.91	500.16
359.76	498.57
352.01	502.82
356.85	527.56
357.1	540.07
350.73	535.84
359.52	556.57
365.09	556.58
371.95	568.1
370.68	571.41
402.54	599.41
412.19	615.42
406.11	621.53
397.93	616.7
402.33	636.43
401.07	646.92
415.68	673.9
425.33	670.02
423.22	661.63
432.49	668.72
459.35	674.96
505.75	698.28
512.69	717.58
488.35	691.68
490.43	705.83
495.23	723.39
486.56	723.98
476.89	733.53
474.9	766.82
467.62	762.86
481.55	780.29
483.5	775.73
479.6	779.62
479.33	769.79
469.98	743.34
451.05	758.1
458.21	753.82
464.28	760.34
453.6	749.03
461.79	759.37
474.86	749.46
476.05	744.5
476.47	739.8
483.25	731.01
493.67	755.09
510.5	757.5
511.44	767.69
507.06	772.76
514.67	782.98
508.62	779.93
509.84	791.91
520.55	787.79
518.81	786.63
538.36	786.02
545.91	793.43
540.99	794.83
543.97	801.72
543.85	806.23
531.88	820.71
517.65	829.72
521.77	811.1
533.33	845.62
533.15	847.06
526.82	846.28
516.11	839.52
496.65	847.36
509.58	851.67
511.87	851.49
500.25	842.01
494	851.21
496.7	844.86
488.51	843.12
481.7	831.77
487.95	830.75
496.86	836.65
487.22	829.77
475.73	808.34
457.68	776.18
461.91	796.2
458.82	774.52
456.81	768.69
452.61	734.94
456.07	748.34
451.43	719.52
447.09	705.98
437.04	703.09
433.45	668.21
430.85	683.65
421.49	688.5
423.78	772.88
418.11	766.41
411.31	751.47
409.76	760.8
418	758.44
440.51	763.38
448.19	772.29
446.55	775.18
468.7	768.43
456.07	761.75
457.54	764.79
446.48	767.06
434.56	752.91
426.7	735.52
431.12	745.32
424.08	752.78
426.75	752.74
421.56	755.06
431.08	751.15
430.91	739.17
444.94	737.44
443.82	729.05
438.59	717.74
429.89	711.25
438.16	713.68
434.21	710.03
425.54	739.3
410.15	721.17
400.46	707.09
382.01	694.22
382.14	679.52
385.23	679.14
391.07	683.51
389.49	675.45
407.23	680.07
396.13	682.86
398.94	710.23
395.09	714.19
397.64	734.73
393.02	743.84
388.88	747.39
401.36	745.57
391.5	737.28
392.79	738.05
385.4	721.18
372.87	715.29
368.58	738.28
369.01	736.36
367.23	738.44
377.16	739
379.54	736.19
379.61	738.27
389.76	750.2
395.55	742.87
391.55	731.48
402.41	727.03
403.31	730.62
419.89	727.58
418.47	721.35
426.42	715.54
426.39	728.81
429.28	724.84
432.02	721.52
426.7	729.29
423.15	720.34
410.04	719.73
410.9	723.06
411.55	733.29
406.41	740.74
405.42	740.12
399.23	740.82
404.6	738.6
412.31	745.91
421.26	745.91
422.12	734.66
423.07	732.87
419.67	732.82
414.42	724.63
413.88	730.26
413.27	729.68
419.77	737.13
435.4	768.74
438.23	769.94
437.86	767.98
437.71	767.89
439.32	778.26
450.68	787.74
444.93	791.2
458.43	787.91
461.18	782.05
461.29	783.1
466.45	785.82
466.96	797.69
479.42	804.74
481.92	812.33
498.46	832.8
465.85	815.8
443.46	818.43
452.48	846.74
459.62	869.62
458.4	890.6
474.37	928.24
477.09	953.42
484.16	949.62
486.33	933.38
486.64	950.86
478.92	953.96
477.22	954.5
473.22	952.06
469.22	940.95
474.91	939.59
477.45	935.57
477.57	922.1
470.62	942.85
465.78	957.66
465.94	979.05
456.02	991.85
453.1	997.59
456.12	999.81
447.56	998.29
430.97	995.52
422.83	998.77
405.81	1006.82
408.35	1013.27
379.43	1000.83
389	1009.21
395.1	1009.53
406.66	1002.62
388.39	983.77
374.32	982.24
371.56	969.96
391.39	941.82
383.13	948.31
379.27	940.49
380.35	929.44
385.56	930.72
393.23	922.59
402.4	948.09
400.37	932.05
386.2	920.49
399.74	934.78
400.99	928.71
398.26	939.5
395.15	949.11
399.03	971.19
404.16	970.27
408.24	988.37
412.44	981.57
410.69	985.13
399.59	971.48
400.32	974.38
399.74	965.41
392.7	960.63
395.33	955.06
403.45	949.85
403.32	939.55
400.74	933.57
414.45	940.6
392.88	874.97
385.25	880.9
391.22	896.3
389.48	895.27
395.06	898.98
395	887.88
396.48	892.92
394.56	899
393.36	904.25
390.4	898.35
385.44	900.31
379.8	904.55
379.97	906.67
366.17	929.46
357.77	927.7
343.53	932.47
336.54	920.71
345.67	912.66
339.37	910.74
350.22	917.85
343.4	950.62
333.36	933.47
325.99	917.29
319.68	903.8
307.23	898.91
313.08	884.57
308.45	907.25
307.82	903.21
323.29	911.51
327.6	904.53
339.28	891.25
352.6	881.39
345.43	871.79
340.83	855.24
344.58	842.24
341.35	861.3
340.7	858.9
334.99	865.45
345.43	862.12
344.49	836.19
340.66	813.29
339.77	812.62
338.12	835.19
334.03	822.59
333.31	812.25
330.73	803.87
334.18	817.42
334.48	841.54
323.35	830.25
325.69	833.37
319.26	793.93
316.66	807.87
322.85	818.69
318.42	815.68
322.87	820.47
326.62	837.59
325.72	845.51
323.93	859.34
320.45	860.77
315.58	856.24
313.39	838.03
314.54	840.85
307.85	835.3
305.66	831.08
293.13	822.89
295.59	819.88
291.43	814.96
294.22	807.81
291.6	799.09
284.67	798.83
295.49	804.59
301.22	802.53
307.97	809.87
311.42	814.99
306.72	814.26
318.15	825.52
315.02	819.11
309.42	808.62
316.6	802.53
321.44	806.74
327.46	810.47
322.5	821.53
319.22	819.59
312.66	809.4
316.48	807.89
308.37	809.05
307.32	802.84
306.84	799.26
305.72	796.39
309.24	798.49
309.67	795.84
310.73	767.02
309.01	743.52
308.25	751.58
302.51	749.55
298.31	743.64
297.07	739.81
290.34	727.15
288.03	729.95
290.55	745.07
287.21	747.17
293.3	752.61
286.81	741.21
287.16	741.53
282.23	750.04
283.13	747.16
274.14	739.57
280.25	735.61
282.08	735.54
285.38	728.46
279.75	720.85
277.29	713.51
276.69	703.95
271.38	708.54
271.85	707.9
269.51	704.16
267.68	709.55
261.29	704.99
256.98	711.25
250.6	714.25
257.74	737.88
254.26	750.04
258.08	766.18
259.95	765.2
268.18	772.03
276.19	774.2
276.6	778.99
275.48	786.49
271.1	796.22
274.34	791.08
270.34	774.31
271.84	752.36
279.77	758.12
280.3	749.43
287.84	760.3
291.93	763.69
292.36	763.84
299.37	758.23
293.59	753.14
293.23	752.44
287.18	737.2
288.28	745.25
288.75	737.68
289.99	730
294.71	735.09
288.41	739.04
287.06	727.08
283.58	720.67
284.22	708.87
285.42	713.63
284.73	731.09
283.67	738.42
282.9	732.25
277.92	729.95
273.86	725.69
271.47	723.76
272.03	741
272.71	735.97
273.69	733.49
269.62	724.89
271.92	719.25
271.29	712.5
273.17	700.44
271.19	711.1
271.09	710.86
269.91	705.51
269.85	700.96
267.09	696.39
264.86	679.64
272.03	657.52
278.75	663.87
286.76	670.18
295.84	675
298.37	674.54
293.65	679.79
295.06	675.77
311.25	678.9
317.51	682.66
308.42	679.29
314.98	679.65
314.26	683.92
316.86	694.5
319.09	711.04
332.13	715.06
332.54	719.86
325.21	722.69
332.77	727.73
334.1	736.34
329.08	732.02
323.16	732.81
327.51	729.1
324.72	724.81
318.2	725.58
322.04	719.14
315.25	714.54
315.15	711.33
316	714.66
309.64	711.33
312.32	713.32
310.23	711.52
309.02	713.48
324.24	712.76
321.33	710.94
326.92	711.29
325.2	709.39
316.22	702
306.05	703.07
300.24	706.03
306.35	701.65
301.76	696.42
307	695.26
304.87	688.89
302.76	682.63
299.93	682.33
296.1	675.86
293	672.01
291.3	665.26
293.14	656.5
291.22	673.24
289.42	669.49
290.25	669.27
291.02	663.47
287.1	660.82
287.88	652.03
291.94	647.48
290.11	650.74
285.57	633.17
279.16	594.26
282.02	591.74
278.25	553.34
279.54	555.49
282.37	567.88
291.28	566.47
286.62	575.07
297.33	570.02
298.07	570.01
292.58	575.67
290.54	573.37
296.95	571.69
296.86	573
297.14	579.89
297.21	585.87
300.63	584.5
299.52	611.42
301.09	606.66
306.48	576.99
311.73	572.91
316.13	573.73
310.93	571.02
307.53	566.69
307.47	561.46
300.25	565.15
300.98	565.61
300.64	557.66
298.21	554.36
311.17	556.52
304.53	560.79
312.27	567.58
311.11	563.72
316.88	566.09
309.47	567.62
310.18	570.68
310.13	572.88
312.06	571.26
310.14	567.36
310.46	564.08
308.04	567.15
312.29	575.71
314.4	585.28
314.2	593.11
324.94	598.72
322.24	600.86
323.97	589.42
318.49	584.82
319.59	589.93
318.47	586.11
316.92	592
318.67	587.89
319.81	590.43
320.76	595.24
323.21	590.65
322.55	588.6
322.55	592.99
322.45	586.25
326.81	591.18
326.43	598.14
324.88	617.14
324.47	627.7
323.68	626.23
312.64	618.01
315	609.83
314.31	621.03
309.38	630.1
315.21	637.4
315.16	647.72
316.02	649.49
312.27	648.78
309.58	637.33
308.1	643.77
305.33	642.79
301.09	646.33
298.33	657.51
297.69	659.4
300.53	662.96
303.23	661.65
315.95	659.25
314.06	654.02
316.63	657.65
323.09	565.82
316.77	652.09
315.87	648.06
314.25	657.72
317.77	656.26
317.77	655.15
323.25	655.76
319.7	654.42
319.14	653.77
321.31	657.11
324.9	669.86
332.17	682.87
338.57	694.22
335.49	691.47
338.02	689.05
331.62	687.16
341.65	690.45
339.76	687.73
338.21	688.9
342.56	688
342.32	696.65
331.65	695.28
330.37	690.54
308.17	664.52
288.1	644.53
270.61	609
274.21	607.64
287.13	633.52
279.8	629.74
274.6	607.91
279.49	605.44
276.72	605.95
275.67	602.51
274.76	612.64
277.04	615.34
273.09	613.95
276.49	616.74
276.09	616.72
283.02	611.05
280.88	609
277.28	599.77
286.6	609.66
286.72	604.29
286.42	609.39
284.97	611.32
282.06	618.9
283.42	616.85
287.83	621.58
286.15	620.77
284.72	615.02
283.43	609.09
284.06	616.4
280.62	615.11
280.6	612.41
278.16	605.8
273.6	603.19
275.09	600.07
273.64	596.02
274.22	596.65
272.99	592.85
271.44	592.75
265.22	592.26
268.34	598.57
268.11	599.45
271.75	603.68
270.9	612.72
268.28	632.59
275.54	635.31
276.97	628.14
283.84	625.38
291.21	632.91
293.14	632.91
296.77	639.53
292.56	640.48
296.46	638.35
292.98	641.06
297.87	641.95
302.62	638.02
302.2	643.35
303.81	647.51
305.25	656.38
304.05	661.52
294.86	668.09
297.71	669.22
294.61	662.01
294	664.12
297.92	662.45
296.69	665.05
302.01	669.58
304.44	679.3
301.17	687.72
303.85	691.64
305.19	682.83
312.05	683.48
315.73	693.47
317.69	697.11
318.64	692.21
319.24	700.47
319.3	704.99
322.55	703.04
325.66	698.45
323.39	700.47
319.57	700.62
319.18	697.87
317.52	698.53
314.38	695.94
317.27	690.23
326.92	688.56
333.96	685.95
338.99	693.58
337.49	705.61
339.69	706.32
340.4	710
340.82	710
336.65	718.82
336.15	723.54
343.37	720.33
348.17	715.22
346.77	707.68
353.59	710.92
365.3	714.81
373.02	721.98
375.63	721.13
370.19	729.73
376.31	722.79
361.49	717.39
351.32	710.61
356.65	701.31
372.22	703.92
371.81	708.91
380.65	717.57
391	724.9
384.55	736.69
391.71	737.05
391.67	742.04
390.65	747.63
387.78	761.01
384.74	753.62
378.61	754.51
382.16	751.64
374.73	757.44
375.9	754.27
383.34	754.95
386.33	756.22
389.31	752.63
387.12	746.26
384.8	751.3
377.1	756.51
379.55	755.05
373.95	756.1
375.52	757.39
370.82	755.42
364.11	755.47
361.95	752.41
369.99	761.42
370.86	775.88
372.67	773.63
377.95	774.76
379.63	776.21
390.73	792.14
387.48	787.23
386.51	798.35
386.92	807.3
381.43	808.07
380.76	799.51
376.44	801.37
371.01	790.75
371.42	793.99
369.86	795.35
374.05	794.66
374.65	789.93
382.48	794.47
380.7	794.66
382.09	788.54
380.67	786.03
382.09	785.51
375.83	786.75
376.18	786.38
378.23	787.85
381.02	784.56
385.64	781.72
386.97	772.94
392.85	767.59
392.09	765.86
403.04	761.3
409.11	763.14
407.41	759.33
407.96	741.76
406.77	749
402.54	750.56
411.07	746.93
417.76	752.88
417.33	755.21
423.65	755.23
418.85	750.39
423.61	750.57
426.45	753.39
422.44	748.51
417.39	746.79
418.52	747.42
406.47	743.9
403.31	746.27
395.46	743.35
393.88	726.5
398.53	717.21
381.21	705.04
383.02	711.58
389.1	725.44
390.78	743.36
395.15	739.35
397.79	741.55
401.1	744.62
398.75	735.78
403.22	743.58
402.97	743.17
397.97	738.85
400.66	739.85
399.36	739.13
392.55	734.36
394.32	731.17
397.91	733.87
394.27	726.48
383.07	716.57
387.96	724.32
374.44	715.1
366.47	717.71
366.48	720.98
374.08	721.9
376.02	721.59
376.68	723.57
370.46	719.53
362.14	721.15
362.66	719.18
367.04	721.65
360.03	722.5
367.07	723.18
366.47	729.29
371.19	729.99
371.62	734.07
373.03	736.6
370.21	736.54
373.25	733.98
372.22	730.79
368.32	730.01
367.01	729.99
369.02	728.49
370.14	728.73
365.13	724.72
362.14	715.14
361.16	711.36
357.36	713.4
355.59	712.95
351.94	707.85
350.05	705.95
353.55	694.09
353.23	683.2
360.61	687.82
361.35	689.7
361.49	694.11
357.15	688.29
351.88	684.29
359.3	690.48
354	677.21
352.34	675.56
351.52	672.64
347.97	662.48
340.33	652.41
336	636.75
335.82	639.83
338.72	647.36
331.79	638.01
333.69	644.99
335.43	646.47
336.55	645.77
340.92	644.09
335.88	642.09
337.84	643.74
338.37	641.53
333.75	635.14
330.41	637.78
323.86	630.01
328.29	624.16
332.8	634.46
333.18	638.93
342.46	651.11
344.28	652.41
346.21	654.33
346.59	655.8
348.46	655.68
357.42	662.78
353.95	660.94
355	657.74
357.22	659.57
357.68	659.57
358.8	657.38
355.77	653.94
353.8	658.65
357.46	655.76
355	656.68
350.36	653.17
345.07	651.7
343.67	646.94
348.95	646.15
356.24	647.88
357.1	643.91
353.62	637.43
352.18	637.17
358.44	638.21
362.59	639.12
364.53	643.31
361.21	640.68
361.35	632.42
364.29	630.86
364.9	629.22
366.67	624.26
364.19	616.46
364.94	618.37
365.35	637.77
365.46	635.17
360.99	634.28
356.2	632.2
353.93	629.47
352.83	635.63
350.62	635.81
350.25	636.79
350.01	638.03
350.55	639.2
350.93	641.16
354.96	648.07
356.48	650.39
351.52	632.43
357.23	633.5
364.15	627.89
365.51	626.17
360.41	625.13
358.76	626.58
358.76	626.58
364.05	651.48
373.33	661.41
371.82	668.21
370.48	670.14
367.16	670.53
371.45	666.36
375.91	675.87
373.17	672.41
376.56	670.78
376.3	668.81
370.8	664.62
374.76	671.63
369.69	665.44
373.28	668.18
379.1	664.95
378.95	661.25
375.48	658.46
379.14	659.95
370.25	656.54
368.71	656.95
370.45	657.45
371.18	660.96
364.42	655.32
359.53	654.49
362.09	651.56
356.76	653.13
356.02	650.71
358.89	652.44
361.32	646.8
367.67	649.22
359.9	643.07
358.96	642.43
358.48	635.66
353.29	624.78
350.98	619.22
352.44	629.1
353.48	627.46
358.24	628.55
354.61	622.61
362.85	627.08
361.13	627.94
364.24	632.03
363.62	632.17
361.28	633.13
363.74	629.66
368.14	632.99
368.94	632.84
369.53	634.96
364.55	635.72
362.22	627.11
363.02	628.97
365.12	628.54
371.93	631.21
375.82	640.08
376.2	634.41
375.02	629.92
383.36	629.69
386.54	633.77
384.63	631.37
384.5	635.61
385.5	634.3
378.97	632.99
375.39	629.62
369.71	624.66
368.53	627.73
368.85	624.18
372.92	628.04
374.63	630.37
375.24	627.26
380.05	631.83
379.45	632.28
378.2	630.84
384.32	630.14
383.49	633.95
386.79	633.95
383	636.26
379.03	636.68
382.97	636.96
387.37	640.37
388.62	642.25
395.52	650.88
396.88	655.74
400.69	652.11
402.98	664
403.4	672.05
403.82	671.46
404.78	671.84
403.69	674.57
412.68	672.84
415.63	682.43
418.21	681.57
419.28	684.41
424.05	682.07
422.6	688.61
431.73	690.32
427.97	689.94
429.75	683.27
442.3	685.06
446.2	683.76
454.19	681.69
452.66	682.44
458.79	684.91
450.02	678.73
453.89	682.32
459.34	682.72
457.51	691.45
461.82	691.96
477.73	703.26
489.8	721.93
495.72	725.11
489.33	730.4
496.64	727
482.52	725.67
474.28	723.85
484.39	723.9
494.2	729.39
503.19	724.35
495.08	715.65
493.04	716.52
487.44	719.66
488.58	712.86
480.44	712.87
478.9	710.37
484.86	710.53
480.48	708.24
478.29	711.68
474.9	720.71
484.11	720.56
491.54	723.03
494.84	723.24
489.99	722.23
489.77	718.91
498.38	719.79
503.2	722.21
513.19	726.83
525.15	724.23
518.83	727.46
519.04	728.51
520.51	728.84
525.94	731.56
521.1	732.24
530.21	739.96
534.81	743.35
529.53	742.26
531.06	741.02
525.82	744.62
535.91	746.49
537.71	743.3
541.9	742.02
539.88	745.17
545.43	752.26
557.81	756.48
564.41	748.86
557.55	742.83
560.57	736.23
561.66	743
568.37	740.94
566.54	743.01
568.83	741.76
558.7	747
553.32	743.43
567.21	744.17
562.19	738.36
566.13	737.24
575.55	744.99
576.68	742.67
580.87	742.22
580.93	736.16
578.98	733.45
569.75	737.64
567.02	737.43
558.34	740.2
544.36	742.73
544.39	748.55
560.74	759.62
573.63	779.41
582.15	790.66
578.59	791.74
568.47	782.63
576.1	783.21
583.61	784.12
588.6	781.05
592.78	781.45
593.02	790.31
604.77	805.11
615.68	803.52
615.39	805.64
624.06	809.97
624.37	812.1
639.45	817.12
659.96	813.09
665.06	815.99
673.7	813.49
667.54	809.14
671	806.78
664.36	800.96
647.55	795.28
653.49	790.31
658.15	791.49
657.38	792.23
640.84	781.95
636.75	782.17
619.03	765.95
614.23	777.21
613.43	784.47
635.25	778.37
646.03	779.28
641.15	790.56
646.64	797.8
659.43	795.57
659.29	790.13
664.36	784.03
667.08	788.47
674	793.6
674.45	791.94
689.05	788.01
691.88	782.08
687.88	775.13
700.93	766.59
709.15	769.75
718.33	775.3
718.47	777.63
723.39	777.37
734.89	780.02
746.81	787.8
764.23	792.72
772.15	793.94
790.93	792.66
769.68	787.29
750.97	805.76
773.55	813.2
783.44	825.42
794.01	823.68
792.23	818.42
790.84	815.98
767.39	814.8
778.44	817.27
774.67	818.91
771.88	824.66
725.56	827.87
739.47	823.27
722.14	819.85
714.04	817.11
698.9	818.94
718.06	804.83
734.55	807.57
711.15	815.42
732.05	817.79
739.64	818.22
753.24	818.22
748.16	825.65
755.18	825.91
738.92	828.17
748.83	845.8
742.33	857.15
732.97	858.66
724.86	861.72
720.28	874.82
704.65	872.03
697.92	885.34
716.3	879.24
705.25	882.07
701.75	894.45
696.24	877.2
700.59	882.33
704.46	880.85
710.66	882.96
705.29	875.83
707.74	879.5
695.08	884.55
678.42	890.29
669.8	885.7
674.41	890.14
687.19	901.47
681.27	904.45
681.34	908.96
679.22	897.87
677.61	895.31
664.66	890.14
665.25	895.12
645.8	899.58
649.21	901.52
647.3	901.85
671.92	887.08
693.12	887.34
709.89	889.6
698.82	882.34
691.69	884.48
691.39	883.09
701.72	879.78
712.2	861.81
704.65	855.76
713.95	861.33
706.65	864.02
690.96	871.63
681.88	875.5
667.61	870.12
680.89	868.32
672.34	861.57
656.38	849.72
648.15	838.21
634.01	842.77
636.8	835.37
605.62	813.44
618.1	810.16
622.01	818.72
611.23	803.11
609.72	793.97
581.61	781.05
582.51	783.27
614.99	793.83
599.88	788.87
615.41	791.53
608.9	794.39
601.51	796.48
609.6	799.25
630.72	811.74
638.59	808.44
641.05	810.67
635.01	812.27
627.54	798.58
626.47	802.82
625.83	815.73
611.46	817.39
611.61	818.4
612.21	823.91
613.13	824.32
614	817.61
613.76	810.03
624.36	818.16
623.72	821.3
622.71	821.93
630.03	825.56
629.36	818.47
627.24	822.09
637.03	826.8
644	824.23
651.86	822.22
649.62	823.28
646.64	819.86
647.57	830.68
655.87	843.61
664.69	851.8
666.43	855.08
659.14	851.77
666.59	854.06
661.49	851.13
663	851.82
652.79	845.02
646.76	838.6
646.11	842.65
642.12	843.15
645.58	838.64
655.82	840.88
650.12	839.37
648.47	838.2
633.42	838.49
633.21	836.15
634.73	838.64
631.42	833.5
636.7	833.98
630.81	825.53
619.19	824.88
618.9	824.37
610.94	820.1
607.47	816.81
606.94	820.78
595.6	821.45
588.87	815.62
596.98	809.12
602.75	808.51
605.3	809.56
602.54	810.15
598.55	808.47
599.55	808.61
600.03	804.89
607.69	807.56
617.07	818.53
620.12	821.49
612.45	827.98
628.81	828.38
628.78	842.04
629.08	841.9
630.87	838.77
631.4	842.29
630.21	850.11
641.04	846.97
640.6	850.29
649.93	857.25
651.89	856.71
662.28	853.24
662.39	857.79
668.73	859.66
668.29	865.34
660.92	865.13
663.51	856.3
648.8	852.89
654.6	855.32
646.78	848.28
637.89	845.46
636.57	846.72
644.67	849.96
661.23	853.93
679.13	865.07
673.88	861.56
668.51	861.54
670.06	864.16
676.15	861.08
677.93	855.1
658.27	852.8
661.29	853.31
641.3	852.16
648.48	851.29
646.51	851.69
661	851.74
652.46	848.65
649.27	849.21
659.05	853.88
648.38	851.55
626.85	851.17
621.57	852.99
628.16	861.14
626.96	864.04
631.99	874.17
641.29	878.45
639.13	872.02
635.09	871.48
629.2	872.89
632.94	876.37
625.78	882.29
644.16	901.66
646.93	904.48
651.42	897.03
644.95	895.94
650.87	909.38
643.06	910.86
647.49	905.22
648.75	908.78
657.25	915.9
656.73	917.19
655.44	914.62
661.08	919.97
663.84	917.17
655.83	912.41
645.41	902.3
648.78	894.98
645.75	897.34
646.08	897.02
657.18	904.76
661.42	904.29
669.46	903
675.71	909.61
671.5	906.5
672.79	903.3
667.9	909.3
670.35	907.2
663.86	906.89
662.39	906.55
664.46	907.58
668.1	910.13
684.48	902.49
683.5	907.96
693.62	910.42
697.84	916.28
696.03	919.02
691.97	930.63
694.63	933.33
693.43	934.1
701.66	929.74
708.3	932.26
709.55	937.56
709.03	935.53
706.9	929.72
695.92	923.33
702.14	919.75
702.66	923.37
701.25	919.95
701.66	917.23
701.91	916.27
710.33	918.51
716.92	917.85
719.1	907.52
725.76	912.58
731.42	914.91
728.8	920.31
736.91	921.71
739.37	919.43
734.68	912.62
737.5	907.75
725.89	904.72
730.56	904.75
736.89	903.64
740.04	903.51
741.55	907.38
738.75	898.49
720.92	891.9
720.39	889.44
728.42	885.33
737.42	891.18
722.6	897.5
722.58	903.62
719.53	899.32
710.98	901.45
700.22	901.64
696.84	898.2
706.64	897.51
706.53	899.26
711.4	894
705.03	885.62
699.53	878.63
693.26	881.25
685.06	882.39
687.32	883.4
682.98	885.44
676.91	881.87
672.82	877.75
681.49	871.35
695.83	875.92
682.52	867.23
681.66	869.81
677.97	861.52
683.76	864.02
694.34	869.93
698.28	866.24
676.9	866.66
678.37	867.77
684.19	871.91
677.25	877.78
664.47	871.98
662.13	872.43
664.63	872.45
659.24	873.85
658.88	878.96
669.72	892.03
675.03	903.07
689.36	901.22
688.21	901.29
681.83	902.84
684.65	898.7
682.12	893.4
679.11	891.36
670.76	889.27
664.61	891.39
672.19	886.37
676.54	887.47
670.65	883.17
663.66	884.34
660.18	870.1
662.64	867.1
663.48	869.11
668.2	869.96
667.55	860.73
667.52	861.96
672.81	862.4
676.7	865.88
682.3	871.97
682.15	876.92
684.07	879.44
677.2	879.4
679.98	890.02
675.09	894.68
683.68	892.64
687.47	900.3
687.16	898.04
686.52	897.06
679.68	896.75
689.64	896.31
686.57	903.33
693.13	902.31
690.25	898.08
684.18	891.23
684.68	894.67
685.56	889.98
675.5	888.32
669.78	898.69
663.52	898.87
659.91	902.69
638.31	906.96
643.31	903.61
640.82	909.32
648.98	915.72
658.37	913.07
661.45	921.06
655.46	916.84
652.67	915.08
648.67	916.78
650.04	924.01
648.92	921.94
659.64	939.84
656.91	935.74
665.72	931.97
670.09	934.38
675.67	937.39
674.99	938.22
683.16	941.33
687.94	952.59
684.57	945.23
686.01	943.41
686.32	948.02
681.54	944.94
684.59	939.48
681.95	936.05
675.52	927.92
667.18	926.49
667.49	926.38
672.02	923.64
680.83	925.54
690.77	923.97
690.39	923.79
695.67	926.08
692.14	919.85
695.89	918.38
691.33	911.85
692.86	913.56
710.28	909.67
709.97	909.18
707.94	909.74
705.46	911.64
708.5	919.07
715.08	916.8
712.78	917.92
712.8	919.07
710.31	915.72
717.77	914.74
711.2	919.65
708.26	921.99
708.98	923.27
723.16	922.03
721.16	922.57
725.64	923.05
725.31	921.89
721.28	925.13
724.24	927.71
723.2	924.5
722.83	924.23
723.23	927.54
717.42	925.33
714.9	924.76
717.17	927.51
710.79	926.25
708.98	925.21
707.05	928.88
709.13	928.43
709.2	928.49
704.32	927.12
700.02	925.59
696.28	924.27
695.18	922.64
684.07	914.17
681.92	911.69
686.21	909.58
676.84	904.75
685.04	905.21
685.29	904.46
682.25	905.79
682.62	910.76
699.88	913.92
700.75	911.53
695.6	909.1
696.85	906.55
694.44	901.09
690.45	898.35
683.41	896.19
681.58	894.33
675.31	896.8
672.63	894.3
676.41	901.72
672.06	906.24
674.25	902.54
669.18	902.9
669.76	903.65
669.89	904.28
666.69	900.14
669.9	898.63
667.75	896.13
660.95	887.8
659.91	885.14
679.16	886.47
694.87	891.67
692.58	896.11
697.74	898.3
693.48	898.27
694.72	898.8
690.49	894.98
691.17	893.37
691.28	895.86
698.68	896.08
698.43	894.65
696.41	895.85
698.95	892.13
706.47	894.51
705.29	895.55
710.22	900.49
713.73	899.79
725.64	892.85
743.2	897.13
741.28	906.66
747.34	911.67
762.26	913.8
764.01	909.59
753.04	911.16
755.72	911.9
752	906.53
750.73	907.52
736.4	901.32
744.98	902.7
747.7	905.41
750.28	902.51
745.95	906.98
762.7	909.77
761.14	913.14
761.27	914.01
747.09	927.85
744.12	929.39
743.37	923.84
734.63	918.92
733.14	920.63
738.07	920.31
727.91	925.51
725.73	927.17
735.16	928.1
739.35	926.47
734.65	925.18
727.76	925.67
728.6	924.4
732.68	927.51
741.8	924.91
753.1	928.66
744.05	928.94
748.28	921.56
752.52	919.78
753.39	916.93
750.81	914.92
738.36	915.21
723.86	913.53
728.99	920.91
728.18	921.96
732.88	922.03
738.63	924.37
741.21	924.24
739.96	923.15
741.43	922.62
734.51	923.02
732.48	923.13
724.41	921.94
729.72	925.11
730.85	926.09
733.33	928.48
729.24	932.83
724.87	932.98
730.99	926.97
733.25	926.63
738.67	928.23
745.33	931.17
768.07	941.67
770.33	943.71
757.51	942.47
755.43	941.88
759.42	939.74
764.17	940.57
774.57	946.62
773.06	948.19
771.54	943.36
763.88	944.09
770.4	949.29
770.01	947.61
768.29	949.23
768.26	951.25
774.44	950.23
768.22	954.16
782.91	965.9
785.38	966.88
784.28	966.62
782.5	966.05
765.97	964.62
761.87	959.94
762.36	958.4
748.3	947.78
746.33	944.4
724.44	925.51
727.21	926.56
714.1	927.75
701.03	923.97
717.5	930.75
721.58	928.37
713.96	929.89
709.43	927.78
710.3	930.45
722.61	930.72
713.22	931.9
702.04	925.49
688.22	923.57
675.63	917.25
670.41	915.4
646.69	893.23
648.32	886.48
665.39	893.5
659.68	889.51
646.78	889.99
649.74	894.66
659.32	900.47
659.52	906.34
659.27	904.51
659.69	907.76
666.8	906.9
670.71	910.54
678.13	914.69
683.98	919.14
694.52	923.99
680.72	924.89
688.96	920
686.11	925.56
684.55	924.86
686.02	928.23
672.34	926.55
661.59	913.63
653.02	902.7
659.58	908.68
660.11	911.98
668.96	916.62
685.71	924.72
683.76	922.34
688.35	928.05
690.92	934.34
695.83	936.76
691.43	934.72
691.49	935.85
686.97	936.04
694.09	934.07
703.1	935.29
703.28	937.99
705.35	938.48
711.8	939.08
708.93	941.26
698.12	942.99
708.42	942.27
707.68	943.94
712.07	937.98
709.01	942.08
708.49	942
705.93	942.61
706.3	945.02
698.01	948.26
692.17	948.13
689.13	950.52
682.07	950.96
686.24	953.22
684.51	958.12
696.44	960.69
703.53	968.22
701.1	963.84
701.96	956.39
692.56	955.85
692.46	956.7
686.03	955.72
687.76	953.7
698.19	954.25
701.97	957.1
700.61	958.99
705.89	965.55
702.56	962.82
692.57	966.08
681.71	965.23
686.74	965.44
688.63	965.66
693.03	966.32
687.9	968.88
686.1	967.55
683.84	969.67
681.84	967.56
687.96	964.06
695.72	968.89
694.6	970.98
692.26	969.38
699.16	969.71
697.82	970.37
709.67	975.62
712.05	983.54
717.11	983.79
710.74	977.23
718.74	975.89
720.87	978.77
724.98	979.19
728.49	982.63
725.77	989.9
718.74	986.07
722.46	988.3
730.87	989.34
729.03	995.25
732.3	998.02
734.9	993.3
738.9	1003.28
738.93	1007.29
743.85	1019.93
740.42	1022.3
736.83	1019.81
733.87	1030.09
734.05	1028.38
733.14	1037.6
733.92	1040.79
726.37	1033.52
724.64	1036.16
729.43	1043.81
728.92	1046.51
723.87	1060.43
734.66	1068.29
727.33	1057.23
735.76	1064.6
739.06	1080.66
741.38	1080.11
742.45	1076.53
746.16	1098.35
745.54	1098.26
740.94	1098.59
738.25	1088.42
734.98	1079.6
732.4	1075.47
736.29	1089.32
730.55	1081.6
622.14	1060.36
691.55	1076.3
676.1	1076.68
680.31	1079.72
688.72	1078.15
687.88	1083.22
680.36	1088.85
679.84	1096.24
659.25	1117.09
648.22	1118.18
628.19	1120.4
633.82	1113.02
616.75	1118.96
622.27	1113.19
637.63	1106.06
645.71	1119.33
656.31	1127.41
655.9	1132.61
651.47	1139.71
654.89	1147.66
658.17	1147.76
655.12	1157.85
650.76	1169.12
657.16	1183.04
660.71	1179.66
657.65	1169.89
653.92	1177.53
653.49	1181.42
654.04	1189.35
670.6	1209.48
674.42	1225.73
673.63	1236.63
675.33	1243.57
691.28	1248.83
695.27	1240.87
697.46	1231.87
692.48	1234.31
697.84	1245.64
693.86	1258.63
688.01	1262.09
692.38	1278.22
693.61	1276.52
690.76	1283.47
688.7	1272.87
683.95	1237.08
677.13	1196.45
680.6	1180.91
679.02	1164.68
674.24	1130.96
670.37	1156.58
671.98	1187.06
671.17	1188.83
672.36	1203.29
675.2	1200.01
670.62	1166.38
674.31	1180.31
671.05	1182.2
669.14	1192.22
671.76	1205.28
669.56	1209.34
674.84	1221.72
677.79	1235.65
679.04	1244.32
678.57	1247.17
669.04	1235.24
671.62	1235.89
673.71	1246.87
679.62	1246.3
686.53	1256.82
693.54	1271.31
692.47	1277.48
688.55	1298.36
689.48	1306.34
695.1	1306.22
692.46	1307.19
695.03	1330.26
692.27	1328.63
687.23	1306.36
687.53	1315.37
686.18	1321.36
685.48	1317.5
690.3	1317.5
690.79	1315.97
695.11	1324.77
699.16	1322.25
709.91	1342.79
716.44	1363.4
712.87	1354.67
706.29	1350.84
707.19	1355.62
706.9	1351.45
712.18	1359.59
713.27	1346.1
721.66	1352.41
724.37	1359.37
728.76	1356.84
728.22	1347.17
732.77	1367.51
731.22	1354.98
720.72	1340.98
719.14	1339.08
727.93	1345.99
727.79	1343
737.4	1339.18
753.93	1360.07
770.61	1360.27
760.59	1369.59
759.42	1372.38
758.83	1364.41
752	1352.39
754.15	1357.66
743.42	1360.58
726.6	1353.03
734.93	1357.18
744.25	1360.65
766.2	1372.28
763.78	1376.79
777.1	1386.27
776.2	1387.96
772.05	1391.57
764.12	1377.13
766.97	1366.99
771	1357.43
777.68	1350.72
776.79	1354.38
792.71	1364.37
813.52	1373.14
825.45	1377.14
823.93	1369.3
832.38	1373.84
844.19	1378.69
858.45	1371.45
846.28	1359.27
843.87	1366.02
859.14	1384.72
857.08	1381.51
856.91	1377.48
849.56	1369.23
847.26	1376.4
850.54	1382.36
862.62	1381.53
880.95	1392.18
883.65	1379.73
884.16	1381.5
863.58	1355.38
859.76	1373.71
833.47	1339.49
830.29	1333.28
837.73	1335.42
815.87	1290.9
814.4	1290.13
831.64	1307.17
811.83	1313.39
804.84	1287.7
793.82	1288.34
773.92	1251.82
750.69	1207.61
758.42	1191.55
792.02	1243.39
764.4	1231.48
784.43	1255.39
791.5	1283.62
790.72	1273.52
791.17	1278.27
788.21	1278.95
792.04	1263.7
791.58	1273.93
813.21	1288.68
820.19	1284.14
810.86	1283.75
814.5	1297.93
809.82	1298.85
801.46	1304.9
796.85	1290.7
801.54	1286.33
802	1285.94
807.1	1284.02
811.95	1289.5
802.65	1278.34
802.54	1277.33
811.79	1297.16
815.43	1308.67
831.51	1305.94
836.51	1317.24
835.18	1316.43
844.4	1320.89
843.05	1335.66
845.5	1336.3
852.47	1347.05
853.43	1368.72
850.58	1366.96
848.95	1374.36
852.33	1372.2
863.16	1364.14
867.59	1377.61
875.1	1376.93
889.06	1383.61
887.02	1375.25
894.53	1372.38
884.53	1374.39
876.75	1376.32
875.83	1370.17
860.09	1350.81
866.03	1359.83
893.45	1378.27
894.57	1398.35
915.03	1411.62
906.66	1412.79
907.28	1413.65
902.73	1409.16
894.34	1397.48
872.86	1384.73
886.31	1389.11
880.27	1413.85
873.64	1402.12
874.64	1402.25
861.93	1382.35
857.66	1383.43
861.51	1384.58
855.52	1390
849.07	1386.64
831.14	1379.91
830.05	1371.7
807.58	1359.85
808.82	1344.16
824.25	1353.55
832.78	1364.37
822.99	1364.99
820.52	1366.58
844.8	1374.32
846.44	1396.98
831.12	1419.34
833.34	1415.81
845.19	1440.39
841.39	1434.04
840.45	1434.16
834.09	1423.72
833.09	1410.56
836.4	1403.41
817.62	1391.61
813.9	1385.45
804.98	1387.21
813.6	1403.56
841.2	1424.02
852.06	1437.82
858.1	1447.04
842.97	1435.68
832.63	1435.38
821.71	1466.67
808.31	1470.77
811.69	1489.74
820.47	1491.66
796.47	1516.22
791.15	1507.04
779.79	1505.71
773.8	1453.66
791.25	1460.71
789.67	1439.49
766.53	1408.6
741.54	1354.48
728.58	1383.35
759.72	1405.4
744.36	1380.54
754.87	1388.5
763.48	1384.08
784.23	1384.08
811.56	1419.66
807.68	1432.35
794.63	1415.94
804.15	1407.38
817.49	1417.52
829.41	1423.15
832.11	1436.1
826.65	1427.19
824.99	1412.83
835.62	1425.49
827.13	1414.32
826.86	1369.48
838.74	1370.79
834.67	1375.43
832.04	1376.62
842.12	1368.27
845.76	1357.4
842.92	1330.61
831.41	1314.02
824.98	1280.23
827.71	1299.69
821.57	1296.33
806.65	1173.22
819.83	1206.54
827	1232.59
814.31	1201.35
818.04	1194.84
806.74	1177.53
812.32	1180.02
807.67	1186.54
803.32	1189.06
807.28	1201.02
820.31	1229.95
817.57	1245.42
822.96	1254.03
825.17	1258.41
817.03	1247.52
823.36	1250.41
825.71	1246.3
826.68	1225.58
824.8	1221.98
826.85	1225.71
826.19	1227.74
820.98	1248.19
827.1	1246.79
833.38	1253.64
845.43	1256.54
845.4	1267.65
841.98	1280
850.02	1279.3
837.66	1288.16
834.31	1293.08
832.19	1288.08
836.42	1295.31
833.63	1283.65
832.45	1279.86
843.15	1271.48
845.83	1276.09
848.71	1287.15
850.17	1280.35
846.71	1285.27
842.22	1293.09
839.28	1286.54
848.94	1287.74
855.61	1294.15
870.33	1300.67
873.82	1287.43
884.19	1281.2
874.54	1277.57
875.59	1274.78
856.8	1273.37
855.6	1274.24
832.99	1260.58
830.61	1261.82
833.65	1276.1
810.22	1262.49
806.86	1257.57
808.92	1253.12
809.82	1223.56
817.33	1248.57
805.58	1230.98
791.94	1230.96
791.66	1229.28
790.8	1225.54
782.64	1229.35
787.59	1238.06
777.17	1227.76
765.74	1212.59
742.46	1196.39
768.9	1206.67
768.9	1195.41
763.75	1200.28
778.42	1209.11
774.39	1203.89
775.73	1190.54
768.59	1186.57
760.01	1153.7
742.15	1153.33
743.03	1134.14
730.56	1127.26
722.5	1121.25
721.13	1139.81
721.86	1135.49
730.29	1150.39
717.06	1144
693.41	1127.6
669.97	1119.42
664.52	1105.04
687.3	1103.48
682.15	1109.57
694.14	1139.41
691.48	1141.59
685.47	1141.75
685.53	1154.09
676.73	1150.8
669.9	1159.94
676.32	1163.09
678.66	1159.1
674.67	1148.68
667.12	1128.86
676.35	1133.59
705.35	1129.56
690.7	1120.31
702.93	1127.46
701.6	1112.53
705.6	1109.43
707.48	1095.05
697.23	1084.36
691.33	1069.42
690.05	1073.21
676.53	1071.43
681.93	1085.6
678.2	1078.73
668.92	1070.5
675.99	1067.65
682.83	1070.46
684.44	1100.5
659.51	1086.99
649.93	1085.38
654.85	1085.06
645.8	1070.54
665.66	1075.93
663.61	1068.55
655.54	1062.7
646.8	1041.07
654.34	1044.03
642.39	1031.63
624.56	1012.37
605.14	1002.99
600.38	991.66
624.83	1025.7
614.49	1028.62
608.25	1026.18
620.43	1028.4
621.14	1024.74
618.97	1020.53
601.29	1019.72
596.54	1018.68
590.05	1016.7
551.8	996.84
528.71	997.23
492.34	970.19
499.99	968.89
451.96	934.01
476.33	950.76
500.77	966.06
481.5	949.88
477.73	920.02
471.31	905.23
476.95	909.51
478.79	918.16
465.24	904.28
432.87	859.11
398.04	832.44
384.15	829.41
408.31	853.56
416.53	863.61
449.19	899.35
457.62	905.58
457.36	915.24
462.93	895.95
463.81	893.95
456.44	904.24
442.31	894.6
435.7	890.34
433.47	880.59
429.97	881.65
434.21	884.06
419.97	883.09
408.51	877.65
393.85	865.32
397.51	866.88
386.12	855.39
391.85	860.18
395.22	856.37
389.81	869.98
401.84	866.14
390.92	848.43
387.32	845.75
392.92	847.53
392.87	846.86
423.79	835.17
424.61	860.68
424.79	852.27
437.06	846.47
445.31	854.8
445.94	862.5
451.72	880.5
447.01	876.4
434.08	873.43
440.4	871.16
439.17	869.62
446.62	867.35
449.96	881.63
478.69	920.66
473.15	922.23
462.96	927.62
465.03	910.52
459.06	919.07
452.8	923.57
433.81	913.7
439.51	913.46
426.26	897.45
435.2	896.47
435.71	890.28
433.19	880.37
431.23	873.41
438.27	879.02
433.52	872.69
448.35	879.63
435	883.16
437.69	884.45
430.69	879.67
433.04	876.8
433.44	879.95
444.39	896.64
443.17	903.52
444.1	897.07
440.63	894.6
445.77	909.84
446.64	907.19
438.22	898.53
439.6	895.23
441.62	899.59
434.67	889.71
434.99	887.83
431.32	894.07
434.24	896.51
431.94	893.42
431.52	890.67
416.52	876.56
413.09	868.74
417.86	866.93
417.11	869.24
419.51	858.22
417.41	855.25
414.41	850.37
415.04	838.39
424.79	843.45
424.61	840.88
422.32	841.87
426.2	847.96
427.72	852.18
429.64	856.82
438.17	878.3
438.16	877.92
436.92	878.81
439.4	885.47
440.81	885.43
429.6	869.34
431.5	872.55
430.09	884.18
442.96	905.07
446.04	907.01
442.56	919.84
443.57	907.87
444.07	917.89
453.88	941.38
452.97	961.28
456.8	965.17
466.28	968.37
466.38	966.6
460.62	968.58
466.06	978.64
474.07	992.68
474.99	980.12
472.72	965.7
483.5	967.46
491.69	990.74
506.26	1009.36
523.15	1023.96
527.72	1023.47
535.18	1025.5
544.54	1023.02
552.71	1022.84
526.55	1011.99
533.92	1014.21
540.22	1012.01
556.47	1023.49
561.41	1042.63
548.77	1035.56
554.02	1045.26
550.51	1053.14
542.69	1051.63
555.41	1047.68
555.43	1041.24
560.41	1044.11
579.98	1061.8
574.3	1063.62
582.25	1055.4
593.6	1063.97
604.57	1075.5
600.03	1072.85
607.73	1071.79
624.55	1082.97
627.07	1088.96
628.55	1090.15
611.92	1091.17
596.54	1074.12
586.14	1070.9
570.43	1054.41
588.98	1059.5
582.29	1045.97
569.85	1044.48
581.43	1057.85
590.6	1074.11
595.8	1075.77
601.6	1075.84
597.48	1075.24
586.42	1078.71
583.48	1072.69
575.87	1065.47
581.99	1065.68
566.03	1067.76
562.55	1063.66
577.75	1079.63
587.86	1097.24
582.74	1108.88
596.11	1120.9
613.67	1139.25
609.83	1134.7
598.22	1148.7
612.19	1152.15
614.24	1155.88
617.83	1156.43
621.96	1172.38
614.88	1164.48
621.95	1160.66
624	1174.9
641.43	1171.31
641.23	1179.88
640.16	1179.49
649.21	1183.97
644.2	1184.88
643.75	1188
643.02	1186.28
655.68	1186.19
654.25	1188.57
632.05	1169.05
640.25	1164.41
631.28	1155.53
640.98	1163.43
644.63	1163.79
653.2	1174.49
655.46	1171.09
658.28	1172.56
652.4	1176.9
656.98	1174.27
654.12	1171.28
654.12	1168.01
665.54	1173.66
668.41	1178.74
682.57	1190.39
691.73	1202.07
695.59	1196.46
703.09	1201.28
707.81	1208.28
694.32	1203.36
703.16	1207.47
710.25	1212.98
709.23	1218.8
713.67	1221.2
730.52	1219.07
728.54	1218.06
721.57	1217.39
708.88	1205.95
715.29	1208.21
717.07	1202.08
726.91	1208.35
724.56	1206.25
718.47	1216.45
731.39	1212.73
741.92	1218.61
744.03	1230.09
746.87	1233.82
751.86	1233.33
746.67	1233.51
731.47	1246.84
692.72	1246.86
717.12	1256.77
731.61	1261.49
725.6	1265.74
716.35	1260.06
708.76	1260.02
711.83	1259.92
714.54	1260.3
703.95	1249.05
690.1	1241.75
685.24	1243.23
677.22	1241.76
668.48	1242.32
686.41	1253.84
681.91	1253.96
698.63	1260.76
713.48	1267.75
708.2	1274.08
717.9	1270.15
696.72	1271.75
698.33	1270.96
706.75	1278.31
706.55	1279.95
707.26	1275.1
700.42	1276.65
695.25	1274.36
690.41	1270.88
676.22	1272.09
695.69	1271
685.73	1270.61
689.07	1259.11
710.01	1266.71
693.51	1271.15
706.84	1272.35
701.58	1270.2
698.82	1261.46
694.71	1255.76
703.64	1260
709.74	1265.45
709.64	1270.81
716.01	1269.03
715.81	1266.97
715.17	1255.66
724.4	1260.42
729.8	1260.53
727.21	1263.94
733.71	1272.73
742.16	1275.22
734.54	1271.12
732.28	1275.75
732.11	1288.24
735.73	1293.17
734.63	1291.42
738.96	1292.98
746.95	1294.51
745.24	1292.85
746.74	1289.51
749.42	1294.71
746.52	1298.58
746.89	1297.99
736.48	1300.35
731.8	1306.62
718.99	1308.36
714.1	1300.45
710.39	1296.79
701.66	1283.02
690.46	1265.77
689.72	1264.51
696.55	1259.16
694.07	1263.76
707.65	1267.15
702.52	1265.03
691.41	1247.9
688.09	1235.22
685.89	1233.86
688.41	1246.17
695.41	1249.42
698.03	1253.39
697.49	1259.07
695.66	1259
700.44	1257.67
705.8	1266.44
715.58	1266.43
715.18	1270.78
717.1	1270.78
733.19	1288.07
735.04	1286.1
730.82	1284.09
723.96	1299.78
720.29	1324.22
718.77	1317.94
720.84	1328.22
720.84	1328.22
733.34	1311.2
734.83	1299.67
752.2	1298.86
765.54	1301.95
759.02	1301.94
774.59	1296.6
772.25	1293.65
782.48	1304.85
786.54	1309.45
784.38	1312.48
778.86	1315.14
771.4	1319.21
788.8	1319.35
787.98	1320.57
801.32	1329.84
801.15	1335.94
808.15	1341.75
812.63	1345.09
783.93	1332.93
789.66	1333.98
760.9	1339.61
736.16	1332.77
726.29	1326.67
765.76	1335.9
757.85	1333.64
761.18	1337.01
754.58	1336.78
764.34	1340.07
762	1339.72
749.49	1333.17
753.2	1335.86
763.51	1346.38
796.86	1342.89
785.25	1331.87
768.55	1332.89
779.06	1333.97
772.09	1340.72
773.72	1344.1
766.55	1346.92
768.79	1339.3
753.26	1334.27
760.11	1330.17
765.54	1308.23
744.31	1273.69
721.29	1250.13
728.94	1248.94
737.28	1269.16
750.43	1285.01
740.92	1282.97
749.68	1276.02
765.96	1294.44
771.48	1294.39
759.85	1286.27
757.41	1288.18
764.21	1290.08
768.16	1291.31
769.55	1294.67
781.13	1297.16
780.37	1298.37
786.64	1303.13
789.34	1304.47
791.85	1317.69
806.07	1335.29
804.13	1323.44
806.52	1329.7
793.19	1325.87
793.67	1326.45
804.4	1325.54
799.09	1319.84
797.31	1314.02
802.57	1307.44
804.03	1299.5
815.52	1307.08
814.68	1311.75
817.57	1316.03
820.6	1324.31
819.61	1326.74
817.35	1332.87
819.54	1341.08
821.02	1334.08
827.54	1336.65
830.4	1333.35
824.41	1337.67
830.93	1341.02
833.01	1336.05
840.24	1345.68
853.68	1352.23
853.78	1355.19
854.59	1358.41
855.83	1360.92
863.18	1363.6
864.48	1363.83
867.34	1362.74
874.92	1362.08
875.07	1360.45
875.18	1360.66
861.95	1359.71
862.16	1352.91
860.55	1370.58
865.78	1378.47
880.02	1385.51
891.23	1392.56
893.92	1395.02
894.78	1403.15
890.45	1405.77
884.51	1396.97
886.1	1408
900.37	1411.05
909.65	1422.49
919.34	1431.96
920.54	1441.07
929.9	1435.67
931.52	1434.68
923.89	1434.27
923.88	1434.14
921.49	1437.78
937.04	1456.96
921.39	1474.44
921.1	1472.95
923.57	1466.97
923.06	1469.69
937.21	1475.99
945	1474.75
947.1	1458.08
951.9	1451.19
962.47	1464.71
959.27	1459.64
969.65	1461.78
975.3	1463.5
978.58	1466.32
964.22	1462.27
969.28	1472.19
979	1479.61
970.9	1481.45
963.19	1481.41
977.85	1487.41
977.08	1486.57
992.6	1496.97
993.72	1496.38
997.15	1489.86
984.03	1480.7
989.27	1488.65
988.11	1486.78
988.8	1491.02
992.24	1490.64
996.04	1496.94
983.96	1499.11
987.23	1499.44
984.46	1505.66
1003.24	1509.66
1005.58	1506.57
1014.2	1507.6
1031.61	1511.74
1049.79	1519.84
1047.55	1526.53
1042.28	1528.01
1029.86	1513.7
1018.86	1499.81
1029.14	1501.56
1000.73	1503.54
1004.72	1496.65
1008.77	1506.05
1019.19	1503.2
1009.47	1487.53
1005.97	1488.54
996.42	1496.49
991.71	1492.05
1009	1495.95
1005.12	1485.23
1017.64	1485.42
1031.97	1503.22
1034.06	1500.98
1025.08	1510.06
1035.85	1521.29
1033.32	1509.79
1037.41	1510.58
1035.47	1509.1
1029.6	1497.52
1022.46	1499.88
1006.51	1495.88
1013.19	1505.18
1019.14	1515.05
1021.27	1514.48
1021.99	1511.58
1019.46	1511.72
1028.33	1517.44
1034.59	1524.34
1032.76	1518.91
1042.41	1551.89
1050.78	1566.17
1050.98	1568.37
1036.45	1572.21
1018.03	1563.52
1013.39	1562.94
1019.51	1566.49
1035.08	1571.56
1032.26	1569.89
1023.19	1574.49
1024.54	1570.04
1034.8	1566.51
1006.57	1547.43
963.68	1542.97
959.17	1526.43
978.07	1520
986.71	1526.96
981.83	1521.89
964.1	1519.94
977.84	1531.82
985.63	1535.6
983.53	1539.55
969.89	1536.07
949.09	1503.99
949.57	1494.52
967.07	1505.33
982.07	1506.3
995.57	1508.56
995.67	1525.85
987.21	1513.63
990.91	1511.11
977.22	1489.87
985.91	1489.27
987.91	1491.25
994.48	1502.24
987.59	1499.28
990.08	1506.88
995.91	1522.61
1002.94	1515.74
1018.57	1517.66
1017.01	1523.69
1019.22	1516.91
1007.06	1495.62
1022.89	1495.35
1003.1	1484.14
1008.13	1492.44
1002.35	1492.09
1003.29	1503.89
1019.93	1508.88
1019.14	1509.1
1027.54	1511.97
1034.39	1513.84
1037.73	1515.55
1032.94	1514.25
1036.36	1520.09
1050.67	1531.63
1047.48	1545.13
1064.35	1555.38
1078.66	1555.48
1076.13	1553.07
1089.21	1561.93
1082.69	1557.49
1076.33	1544
1084.91	1525.92
1090.67	1527.92
1095.88	1521.53
1107.36	1531.02
1109.92	1526.33
1105.29	1522.75
1105.43	1524.05
1096.95	1527.34
1101.35	1529.91
1092.31	1535.3
1093.56	1534.95
1070.43	1531.47
1073.87	1528.43
1050.85	1515.5
1072.47	1519.41
1085.56	1523.37
1100.48	1536.03
1086.27	1532.29
1084.96	1540.74
1075.91	1541.27
1077.5	1544.02
1072.94	1541.03
1053.97	1528.98
1064.24	1532.12
1055.54	1533.57
1065.45	1540.94
1067	1548.69
1076.5	1542.84
1073.83	1558.29
1065.63	1556.42
1059.81	1558.04
1057.86	1559.85
1046.16	1552.14
1034.75	1551.89
1014.58	1551.79
1016.85	1550.89
1020.37	1556.19
1015.53	1545.88
1034.92	1548.51
1030.31	1556.19
1019.55	1554.24
1018.96	1563.43
1013.09	1559.19
1027.72	1560.79
1023.86	1567.35
1014.13	1563.19
1022.94	1564.66
1010.32	1562.52
1013.5	1570.02
1033.26	1575.01
1041.48	1579.07
1090.28	1582.35
1084.59	1581.85
1072.68	1591.34
1083.08	1590.24
1088.46	1594.74
1077.24	1588.58
1062.39	1578.1
1077.4	1580.67
1079.91	1579.84
1083.94	1562.58
1096.77	1555.64
1101.37	1562.59
1104.15	1565.81
1121.04	1565.06
1127.58	1559.6
1121.63	1561.77
1130.71	1558.17
1134.38	1551.91
1133.53	1548.81
1144.14	1558.01
1139.61	1554.85
1133.46	1545.1
1124.01	1546.89
1093.38	1524.43
1078.19	1496.99
1042.54	1472.14
1060.21	1480.52
1062.07	1476.46
1086.32	1499.74
1077.02	1498.24
1093.51	1503.07
1089.09	1503.3
1069.2	1483.98
1067.84	1472.16
1057.28	1482.37
1046.43	1469.15
1025	1464.74
1037.22	1444.81
1055.63	1447.27
1065.18	1474.09
1049.23	1463.12
1055.6	1454.37
1068.72	1464.61
1072.21	1469.83
1062.37	1469.12
1040.83	1446.26
1031.67	1448
1022.96	1437.61
1036.21	1430.93
1017.19	1413.12
1026.28	1410.64
1029.59	1419.04
990.59	1387.81
958.16	1365.94
904.06	1331.8
946.62	1364.2
931.6	1371.55
926.21	1387.46
916.21	1387.13
869.31	1367.52
855.45	1361.38
862.65	1375.67
913.72	1393.69
909.17	1400.05
923.17	1397.04
944.8	1411.65
952.77	1428.5
936.82	1444.87
955.81	1442.43
971.63	1465.35
952.75	1439.94
938.19	1450.25
909.1	1441.18
916.34	1438.83
942.55	1457.8
960.17	1470.93
973.18	1481.82
974.75	1491.89
956.59	1475.64
965.8	1470.95
957.56	1462.37
957.31	1477.51
983.44	1480.46
967.84	1489.64
968.3	1472.65
970.97	1468.75
984.28	1478.87
984.97	1477.22
997.11	1476.84
993.38	1465.47
984.16	1454.4
965.07	1434.08
977.36	1437.99
976.87	1433.17
980.5	1447.99
967.18	1431.55
988.06	1444.72
995.33	1472.1
1019.15	1485.26
1029.37	1489.02
1030.77	1480.92
1046.73	1482.99
1043.24	1472.92
1034	1460.13
1030.61	1465.39
1023.48	1463.12
1024.16	1464.11
1034.06	1466.22
1033.55	1477.78
1033.29	1465.17
1043.75	1484.98
1042.52	1491.46
1037.37	1496.15
1028.38	1500.91
1028.19	1504.11
1023.91	1506.69
1025.32	1530.73
1036.21	1504.22
1036.8	1514.43
1036.26	1514.13
1044.84	1521.73
1053.04	1521.99
1051.63	1522.29
1052.23	1525.56
1044.81	1523.07
1037.01	1509.06
1056.54	1519.36
1051.64	1517.38
1058.94	1516.81
1058.66	1522.66
1056.01	1519.76
1068.54	1523.86
1076.29	1520.9
1074.71	1513.55
1083.97	1521.29
1091.67	1537.09
1098.95	1538.77
1116.08	1553.18
1117.17	1565.32
1112.91	1561.66
1117.4	1562.82
1106.41	1566.05
1126.48	1561.3
1120.25	1550.49
1129.93	1557.15
1135.92	1560.57
1140.39	1563.78
1137.82	1560.52
1140.07	1556.66
1146.14	1558.77
1135.04	1559.04
1146.26	1556.73
1160.9	1569.65
1164.98	1573.45
1165.15	1583.78
1157.95	1589.22
1153.16	1589.91
1168.31	1578.36
1158.71	1579
1150.18	1564.75
1153.56	1564.02
1164.36	1575.71
1171.34	1579.38
1189.56	1571.4
1189.5	1573.6
1196.6	1577.62
1207.67	1582.53
1191	1583.24
1194.44	1585.83
1188.32	1582.98
1207.29	1588.1
1204.01	1583.75
1203.91	1585.44
1196.77	1596.33
1199.09	1603.78
1211.07	1606.63
1198.09	1599.27
1182.41	1593.44
1165.61	1597.17
